NUM_EXCHANGE 1
NUM_DOCS 10
MAX_TRANSFER_TIME 24000
MAX_TIME 48000
DRIVING_TIMES
0 2928 4938 10557 7332 11491 5317 5990 9049 9454 7741 9559
2928 0 3437 10726 6448 10647 4776 5202 6965 8666 5987 7873
4938 3437 0 13535 9251 13512 7640 6683 5525 11475 3288 5070
10557 10726 13535 0 6773 10510 6783 10895 15201 8489 16047 17100
7332 6448 9251 6773 0 6432 4140 5853 10928 4395 11801 13687
11491 10647 13512 10510 6432 0 8299 10328 15085 2639 15947 16651
5317 4776 7640 6783 4140 8299 0 4721 9195 6262 10190 12060
5990 5202 6683 10895 5853 10328 4721 0 7716 8753 9162 10944
9049 6965 5525 15201 10928 15085 9195 7716 0 13131 3979 6629
9454 8666 11475 8489 4395 2639 6262 8753 13131 0 14168 14500
7741 5987 3288 16047 11801 15947 10190 9162 3979 14168 0 3300
9559 7873 5070 17100 13687 16651 12060 10944 6629 14500 3300 0