NUM_EXCHANGE 1
NUM_DOCS 30
MAX_TRANSFER_TIME 24000
MAX_TIME 48000
DRIVING_TIMES
0 3687 9705 7016 6159 7080 10020 10473 6934 5974 7123 7409 7138 13390 5689 10391 12012 9698 7959 12589 12672 14402 6077 14744 12840 11025 9160 9266 7375 4781 3352 14238
3687 0 8350 4307 4717 5856 12644 9062 7439 3176 5738 6073 4500 12104 3025 8072 9458 7465 5682 10277 10389 12175 8668 12219 9960 8754 7851 7039 6316 2086 3374 11573
9705 8350 0 9541 4471 11479 4989 9599 11307 9555 5146 5291 9663 4492 8268 15832 15709 15159 13426 17157 17157 19557 6627 17357 15395 16540 6301 14733 11789 10190 6715 16746
7016 4307 9541 0 5995 9121 14378 9055 10737 2881 6944 7245 3669 13270 2549 9268 8015 8961 7222 11846 11935 13665 11645 9888 7375 9679 8996 8529 9574 6040 4281 8791
6159 4717 4471 5995 0 9524 9318 6094 11144 6017 1416 2078 6188 8283 4760 12332 12073 11653 9942 14425 14508 16386 9184 14362 11849 12852 3984 11337 10044 6550 3075 13191
7080 5856 11479 9121 9524 0 11364 13869 2527 8284 10552 10900 9314 15500 7832 9129 10676 8436 6824 8042 8039 13283 7388 13371 12409 9669 12658 8408 972 6351 8181 13465
10020 12644 4989 14378 9318 11364 0 14217 11130 14400 9797 9901 14571 9008 13115 18780 20299 18486 16850 18849 18880 23077 6075 22249 19980 19916 10911 18157 11589 13511 11063 21380
10473 9062 9599 9055 6094 13869 14217 0 14900 9083 4976 4920 6837 12034 8553 15000 15222 15246 13427 17100 17100 19500 14206 16790 14915 16200 6908 14820 14358 10904 7429 15600
6934 7439 11307 10737 11144 2527 11130 14900 0 9803 12134 12410 10865 15308 9355 11105 12749 10412 8843 9969 10015 14908 7187 14908 14385 11762 14161 10372 2747 7899 9369 14700
5974 3176 9555 2881 6017 8284 14400 9083 9803 0 6943 7267 3668 13309 2320 6863 7303 6300 4473 9068 9180 10913 11066 10064 7535 7536 9018 5868 8647 3262 4303 9424
7123 5738 5146 6944 1416 10552 9797 4976 12134 6943 0 1378 6473 8312 5656 13220 13101 12547 10814 14200 14200 16600 10372 14869 12813 13880 4166 12121 11008 7578 4103 14151
7409 6073 5291 7245 2078 10900 9901 4920 12410 7267 1378 0 7438 7612 6010 13582 13413 13019 11192 14800 14800 17200 10861 15100 13099 14336 3614 12587 11294 7895 4411 14504
7138 4500 9663 3669 6188 9314 14571 6837 10865 3668 6473 7438 0 13419 3162 10415 9826 9748 8009 12620 12722 14452 11838 12018 9532 11075 9189 9316 9688 6289 4474 10876
13390 12104 4492 13270 8283 15500 9008 12034 15308 13309 8312 7612 13419 0 12022 18926 19019 18632 17226 20812 20812 23212 10664 21012 18526 20197 6738 18448 15700 13876 10469 19712
5689 3025 8268 2549 4760 7832 13115 8553 9355 2320 5656 6010 3162 12022 0 9054 8717 8491 6664 11259 11371 13129 10410 10916 8403 9752 7761 8059 8239 4840 3046 9797
10391 8072 15832 9268 12332 9129 18780 15000 11105 6863 13220 13582 10415 18926 9054 0 2927 1505 3770 5495 5578 7308 15292 5633 4550 1882 15017 1412 9631 6322 10753 5726
12012 9458 15709 8015 12073 10676 20299 15222 12749 7303 13101 13413 9826 19019 8717 2927 0 3179 5322 7095 7207 9080 16960 3414 2303 3176 15164 3027 11194 7894 10449 3510
9698 7465 15159 8961 11653 8436 18486 15246 10412 6300 12547 13019 9748 18632 8491 1505 3179 0 3077 4622 4734 6480 14646 5753 4785 2172 14748 588 8874 5791 10190 5958
7959 5682 13426 7222 9942 6824 16850 13427 8843 4473 10814 11192 8009 17226 6664 3770 5322 3077 0 5781 5816 7899 12907 8012 7050 4335 12943 2945 7315 4058 8363 8124
12589 10277 17157 11846 14425 8042 18849 17100 9969 9068 14200 14800 12620 20812 11259 5495 7095 4622 5781 0 521 7717 14893 9737 8775 6098 16600 4718 8414 8603 12958 9840
12672 10389 17157 11935 14508 8039 18880 17100 10015 9180 14200 14800 12722 20812 11371 5578 7207 4734 5816 521 0 7829 14914 9820 8858 6220 16600 4830 8497 8715 13070 9923
14402 12175 19557 13665 16386 13283 23077 19500 14908 10913 16600 17200 14452 23212 13129 7308 9080 6480 7899 7717 7829 0 19134 11550 10588 7238 19000 6587 13771 10501 14894 11760
6077 8668 6627 11645 9184 7388 6075 14206 7187 11066 10372 10861 11838 10664 10410 15292 16960 14646 12907 14893 14914 19134 0 19404 17030 15973 12601 14214 7646 9687 7650 18430
14744 12219 17357 9888 14362 13371 22249 16790 14908 10064 14869 15100 12018 21012 10916 5633 3414 5753 8012 9737 9820 11550 19404 0 3870 5862 16790 5654 13900 10600 12648 3294
12840 9960 15395 7375 11849 12409 19980 14915 14385 7535 12813 13099 9532 18526 8403 4550 2303 4785 7050 8775 8858 10588 17030 3870 0 4900 14850 4692 12926 8544 10135 3405
11025 8754 16540 9679 12852 9669 19916 16200 11762 7536 13880 14336 11075 20197 9752 1882 3176 2172 4335 6098 6220 7238 15973 5862 4900 0 15800 2040 10207 7124 11507 5956
9160 7851 6301 8996 3984 12658 10911 6908 14161 9018 4166 3614 9189 6738 7761 15017 15164 14748 12943 16600 16600 19000 12601 16790 14850 15800 0 14322 13045 9646 6207 15600
9266 7039 14733 8529 11337 8408 18157 14820 10372 5868 12121 12587 9316 18448 8059 1412 3027 588 2945 4718 4830 6587 14214 5654 4692 2040 14322 0 8817 5365 9758 5829
7375 6316 11789 9574 10044 972 11589 14358 2747 8647 11008 11294 9688 15700 8239 9631 11194 8874 7315 8414 8497 13771 7646 13900 12926 10207 13045 8817 0 6725 8465 13996
4781 2086 10190 6040 6550 6351 13511 10904 7899 3262 7578 7895 6289 13876 4840 6322 7894 5791 4058 8603 8715 10501 9687 10600 8544 7124 9646 5365 6725 0 5066 10696
3352 3374 6715 4281 3075 8181 11063 7429 9369 4303 4103 4411 4474 10469 3046 10753 10449 10190 8363 12958 13070 14894 7650 12648 10135 11507 6207 9758 8465 5066 0 11540
14238 11573 16746 8791 13191 13465 21380 15600 14700 9424 14151 14504 10876 19712 9797 5726 3510 5958 8124 9840 9923 11760 18430 3294 3405 5956 15600 5829 13996 10696 11540 0