NUM_EXCHANGE 1
NUM_DOCS 50
MAX_TRANSFER_TIME 24000
MAX_TIME 48000
DRIVING_TIMES
0 10065 10926 10370 14642 10709 11599 9964 14266 13521 18979 5188 9085 10328 16500 1203 14900 18879 13223 14900 10930 8444 6580 15000 18493 10418 11037 13943 11882 9714 12376 16200 11181 19679 10983 17279 5714 9769 10153 18879 5932 11906 6054 17679 7864 8400 2539 5389 17127 5851 19100 19701
10065 0 11703 3974 7291 3246 4804 2617 14745 6759 11845 8228 10635 14073 7383 9207 7743 11834 6560 7298 3593 2650 6335 5718 9364 3057 3066 5868 1937 2302 13916 8452 3782 10981 3221 9674 9575 1893 2156 11517 6862 4093 5163 9881 6509 2120 11780 6950 10299 7759 10417 12464
10926 11703 0 8914 17200 13231 9256 12486 11981 8002 21408 6451 1999 10047 12756 10068 17400 16500 7704 17400 13490 11713 9207 12014 14609 12940 13249 15600 12122 12274 9819 18600 13703 15100 9523 14927 7534 12305 12675 16500 9286 9285 11992 20163 6030 11092 12837 9679 20027 6555 14191 22130
10370 3974 8914 0 9836 6743 3361 5998 13031 6123 13991 5443 7789 11288 8087 9512 10084 12584 5828 9623 7081 6134 4723 6422 10068 6452 5283 7963 4092 5786 11058 10547 7240 11349 882 10386 6790 5406 5640 12246 5134 2982 6754 11976 3725 5593 12093 6442 12994 4894 10142 14608
14642 7291 17200 9836 0 5607 10729 5320 20081 12723 11147 13806 15800 18800 11210 13888 6078 11612 12425 5820 6019 7260 11895 10509 12345 5866 5777 3857 7078 5368 19200 3719 4480 15001 9109 10780 15153 6969 5920 11274 12160 10000 9800 4661 12087 6817 16400 11812 3863 13333 14800 11766
10709 3246 13231 6743 5607 0 7623 2122 16100 9528 13099 9733 12175 14500 10152 9851 9192 13093 9319 8711 732 3294 7840 8487 11859 926 4263 6525 5063 1896 15000 8299 2193 13750 5990 11071 11080 3119 2914 12755 8206 6862 5807 9214 8014 2764 12395 7739 8627 9280 13186 13692
11599 4804 9256 3361 10729 7623 0 6968 14515 3943 14821 7012 9051 12718 8018 10741 10731 12406 3588 10286 7970 7027 6929 7322 9999 7282 6176 8856 4922 6679 12465 11440 8159 10792 4214 10309 8095 6284 6490 12068 7007 963 9370 12869 3819 6497 13398 8648 13853 6498 9551 15442
9964 2617 12486 5998 5320 2122 6968 0 15000 8783 12470 9104 11511 14949 9407 9106 8515 12348 8690 8054 2504 2549 7124 7742 11114 1831 3518 6221 4355 559 14699 8012 1751 13005 5245 10349 10451 2234 1724 12010 7490 6117 5062 8927 7385 2019 11766 7023 8309 8739 12441 12947
14266 14745 11981 13031 20081 16100 14515 15000 0 15317 24700 9763 10103 7103 19100 13408 20600 23100 15000 20600 16586 15100 12609 17700 21388 16027 16900 18800 15100 15000 4431 21800 16584 22249 13607 21706 10084 15000 15482 23100 12626 14585 15332 23363 10763 15301 15500 13092 23104 9737 21042 25422
13521 6759 8002 6123 12723 9528 3943 8783 15317 0 16017 8950 8213 14718 5675 12663 12845 10055 798 12408 9866 9021 10042 4979 7656 9237 8170 10850 6877 8673 14387 13434 10025 8340 6169 7974 10033 8293 8445 9717 10148 3878 11534 14863 7141 8491 15336 11761 15504 9075 7133 16739
18979 11845 21408 13991 11147 13099 14821 12470 24700 16017 0 17663 20100 23100 11994 18000 5860 8678 15700 5853 13446 12503 15867 12947 11498 12770 9758 8071 11124 12164 23439 7887 12426 14299 13238 10684 19197 11443 11471 8340 16098 14110 15016 8909 16200 11973 20732 15827 10360 17000 14700 722
5188 8228 6451 5443 13806 9733 7012 9104 9763 8950 17663 0 4547 6506 12657 4330 14445 16063 8720 14265 10080 8146 4425 10992 14638 9556 9853 12533 8738 8878 7816 15117 10269 15363 6019 14956 1694 8809 9291 16063 3778 6997 6254 16363 3252 7713 6997 3839 16350 663 14782 18385
9085 10635 1999 7789 15800 12175 9051 11511 10103 8213 20100 4547 0 8360 12908 8227 16000 16500 7906 16000 12487 10553 7303 12212 14889 11884 12260 14773 11066 11285 8145 17300 12672 15100 8426 15207 5630 11216 11619 16500 7409 9404 10151 18800 5401 10036 10933 7775 18627 4651 14393 20822
10328 14073 10047 11288 18800 14500 12718 14949 7103 14718 23100 6506 8360 0 17600 9470 19000 21600 14342 19000 15156 13788 9694 16100 19788 14500 15300 17200 14588 14723 5562 20300 15200 20800 11864 20106 5857 14654 15136 21600 8857 12842 11394 21800 8983 13558 12124 8966 21627 7169 19700 23822
16500 7383 12756 8087 11210 10152 8018 9407 19100 5675 11994 12657 12908 17600 0 15400 11548 5215 5493 11087 10490 9701 11369 1707 2638 9861 6656 9266 6163 9353 18100 12090 10110 4293 7458 3085 14004 8579 8671 4877 11916 7264 12214 13519 10938 9171 18429 13088 14529 12337 4818 12561
1203 9207 10068 9512 13888 9851 10741 9106 13408 12663 18000 4330 8227 9470 15400 0 14555 17900 12365 14657 10162 7586 5722 14507 17493 9560 10246 13085 11024 8960 11477 15100 10323 18700 10156 16300 4856 8911 9295 17900 5074 11048 5256 16663 7006 7542 3029 4531 16027 4993 18300 18722
14900 7743 17400 10084 6078 9192 10731 8515 20600 12845 5860 14445 16000 19000 11548 14555 0 9287 12427 801 9539 8596 12714 10569 12207 8686 5851 4164 7117 8243 19500 2594 8405 15008 9331 10537 15100 7536 7350 8949 13251 10020 11109 3217 12941 8066 16950 12921 4804 14163 14300 6469
18879 11834 16500 12584 11612 13093 12406 12348 23100 10055 8678 16063 16500 21600 5215 17900 9287 0 9944 8842 13431 12485 15000 6168 4719 12756 9768 8337 10614 12174 22000 10696 12436 7223 11857 4037 17700 11411 11457 338 15000 11695 15026 11898 14700 11983 20632 15827 13137 15400 8549 9275
13223 6560 7704 5828 12425 9319 3588 8690 15000 798 15700 8720 7906 14342 5493 12365 12427 9944 0 11982 9666 8723 9805 4797 7474 9130 7872 10552 6638 8375 14089 13136 9855 8282 5913 7784 9669 7995 8229 9627 9865 3573 11236 14565 6824 8193 14995 11487 15187 8694 7026 16422
14900 7298 17400 9623 5820 8711 10286 8054 20600 12408 5853 14265 16000 19000 11087 14657 801 8842 11982 0 9058 8135 12259 10124 11737 8204 5390 3703 6635 7796 19500 2394 7984 14547 8870 10073 15319 7075 6905 8504 12806 9575 10648 3416 12480 7605 16961 12439 4858 13702 14988 6470
10930 3593 13490 7081 6019 732 7970 2504 16586 9866 13446 10080 12487 15156 10490 10162 9539 13431 9666 9058 0 3548 8187 8825 12197 1287 4601 6937 5410 2234 15656 8711 2689 14088 6328 11418 11427 3396 3261 13093 8553 7200 6088 9626 8361 3102 12742 8086 9042 9715 13524 14063
8444 2650 11713 6134 7260 3294 7027 2549 15100 9021 12503 8146 10553 13788 9701 7586 8596 12485 8723 8135 3548 0 5663 7994 11251 3003 3655 6457 4467 2332 13829 9041 3766 13142 5407 10475 9318 2402 2738 12147 6029 6298 3542 10470 6427 941 10218 5562 10283 7826 12606 13120
6580 6335 9207 4723 11895 7840 6929 7124 12609 10042 15867 4425 7303 9694 11369 5722 12714 15000 9805 12259 8187 5663 0 9704 13350 7578 8149 10829 7084 6985 10572 13413 8341 14967 4694 13660 5202 6916 7313 15000 837 6848 3454 14835 4641 5594 8391 1837 14899 4102 14403 16589
15000 5718 12014 6422 10509 8487 7322 7742 17700 4979 12947 10992 12212 16100 1707 14507 10569 6168 4797 10124 8825 7994 9704 0 3688 8196 5353 8636 4498 7646 16600 11220 8865 5305 5751 4006 12339 7266 7404 5830 10251 6568 10507 12649 9273 7464 17061 11423 13580 10672 4993 13512
18493 9364 14609 10068 12345 11859 9999 11114 21388 7656 11498 14638 14889 19788 2638 17493 12207 4719 7474 11737 12197 11251 13350 3688 0 11568 8148 10045 8144 10905 20288 12891 11332 2929 9341 2582 16027 10177 10269 4381 13890 9245 13791 14271 12919 10796 20432 15069 15262 14318 4228 12065
10418 3057 12940 6452 5866 926 7282 1831 16027 9237 12770 9556 11884 14500 9861 9560 8686 12756 9130 8204 1287 3003 7578 8196 11568 0 3972 6774 4809 1605 15153 8558 2338 13459 5699 10737 10900 2828 2662 12464 7926 6571 5516 9473 7767 2473 12206 7477 8855 8989 12895 13401
11037 3066 13249 5283 5777 4263 6176 3518 16900 8170 9758 9853 12260 15300 6656 10246 5851 9768 7872 5390 4601 3655 8149 5353 8148 3972 0 3816 2525 3350 15536 6492 4112 10196 4556 7383 11200 2581 2673 9430 8648 5447 6202 7921 8134 3244 12863 8207 8827 9533 10275 10375
13943 5868 15600 7963 3857 6525 8856 6221 18800 10850 8071 12533 14773 17200 9266 13085 4164 8337 10552 3703 6937 6457 10829 8636 10045 6774 3816 0 5205 6201 17700 4031 5398 12960 7236 8385 13880 5383 5475 7999 11376 8127 9074 5183 10814 6046 15300 11009 5575 12213 13558 8688
11882 1937 12122 4092 7078 5063 4922 4355 15100 6877 11124 8738 11066 14588 6163 11024 7117 10614 6638 6635 5410 4467 7084 4498 8144 4809 2525 5205 0 4119 14335 7789 5536 9761 3339 8285 9975 3553 3910 10288 7602 4211 6980 9218 6949 3937 13593 8197 10202 8171 9371 11725
9714 2302 12274 5786 5368 1896 6679 559 15000 8673 12164 8878 11285 14723 9353 8960 8243 12174 8375 7796 2234 2332 6985 7646 10905 1605 3350 6201 4119 0 14535 8060 1795 12920 5059 10136 10225 1769 1249 11836 7351 5950 4872 8975 7159 1921 11540 6884 8353 8513 12357 12781
12376 13916 9819 11058 19200 15000 12465 14699 4431 14387 23439 7816 8145 5562 18100 11477 19500 22000 14089 19500 15656 13829 10572 16600 20288 15153 15536 17700 14335 14535 0 20700 15600 21300 11702 20606 8044 14492 14888 22000 10678 12594 13381 22229 8730 13251 14202 11044 22127 8036 20100 24161
16200 8452 18600 10547 3719 8299 11440 8012 21800 13434 7887 15117 17300 20300 12090 15100 2594 10696 13136 2394 8711 9041 13413 11220 12891 8558 6492 4031 7789 8060 20700 0 7172 15200 9820 11209 16400 7967 8059 10358 13960 10711 11581 1722 13398 8630 18129 13593 2675 14797 15600 8504
11181 3782 13703 7240 4480 2193 8159 1751 16584 10025 12426 10269 12672 15200 10110 10323 8405 12436 9855 7984 2689 3766 8341 8865 11332 2338 4112 5398 5536 1795 15600 7172 0 13708 6462 10505 11616 3477 2181 12098 8707 7359 6279 8087 8555 3236 12931 8240 7490 9777 13683 13043
19679 10981 15100 11349 15001 13750 10792 13005 22249 8340 14299 15363 15100 20800 4293 18700 15008 7223 8282 14547 14088 13142 14967 5305 2929 13459 10196 12960 9761 12920 21300 15200 13708 0 10958 5341 16900 12177 12269 7182 14400 9980 15200 16700 14038 12729 21432 15883 17271 14700 1969 14866
10983 3221 9523 882 9109 5990 4214 5245 13607 6169 13238 6019 8426 11864 7458 10156 9331 11857 5913 8870 6328 5407 4694 5751 9341 5699 4556 7236 3339 5059 11702 9820 6462 10958 0 9659 7366 4561 4907 11519 5241 3488 6633 11249 4300 4877 12669 6413 12267 5699 9937 13855
17279 9674 14927 10386 10780 11071 10309 10349 21706 7974 10684 14956 15207 20106 3085 16300 10537 4037 7784 10073 11418 10475 13660 4006 2582 10737 7383 8385 8285 10136 20606 11209 10505 5341 9659 0 16345 9412 9438 3699 14207 9563 12988 12638 13237 9945 19032 14949 13599 14632 6619 11261
5714 9575 7534 6790 15153 11080 8095 10451 10084 10033 19197 1694 5630 5857 14004 4856 15100 17700 9669 15319 11427 9318 5202 12339 16027 10900 11200 13880 9975 10225 8044 16400 11616 16900 7366 16345 0 10156 10597 17700 4365 8344 6780 17900 4335 9060 7514 4465 17727 2348 15700 19919
9769 1893 12305 5406 6969 3119 6284 2234 15000 8293 11443 8809 11216 14654 8579 8911 7536 11411 7995 7075 3396 2402 6916 7266 10177 2828 2581 5383 3553 1769 14492 7967 3477 12177 4561 9412 10156 0 1667 11073 7302 5490 4915 9396 7090 1872 11491 6835 9992 8444 11785 12060
10153 2156 12675 5640 5920 2914 6490 1724 15482 8445 11471 9291 11619 15136 8671 9295 7350 11457 8229 6905 3261 2738 7313 7404 10269 2662 2673 5475 3910 1249 14888 8059 2181 12269 4907 9438 10597 1667 0 11151 7623 5779 5251 9488 7502 2208 11903 7212 8897 8724 12103 12096
18879 11517 16500 12246 11274 12755 12068 12010 23100 9717 8340 16063 16500 21600 4877 17900 8949 338 9627 8504 13093 12147 15000 5830 4381 12464 9430 7999 10288 11836 22000 10358 12098 7182 11519 3699 17700 11073 11151 0 15000 11357 14688 11560 15038 11645 20632 15827 12803 15400 8418 8948
5932 6862 9286 5134 12160 8206 7007 7490 12626 10148 16098 3778 7409 8857 11916 5074 13251 15000 9865 12806 8553 6029 837 10251 13890 7926 8648 11376 7602 7351 10678 13960 8707 14400 5241 14207 4365 7302 7623 15000 0 6939 3820 14900 4689 5960 7677 2000 15168 3455 14739 16820
11906 4093 9285 2982 10000 6862 963 6117 14585 3878 14110 6997 9404 12842 7264 11048 10020 11695 3573 9575 7200 6298 6848 6568 9245 6571 5447 8127 4211 5950 12594 10711 7359 9980 3488 9563 8344 5490 5779 11357 6939 0 8811 12140 4347 5768 13647 8567 13142 6677 8773 14727
6054 5163 11992 6754 9800 5807 9370 5062 15332 11534 15016 6254 10151 11394 12214 5256 11109 15026 11236 10648 6088 3542 3454 10507 13791 5516 6202 9074 6980 4872 13381 11581 6279 15200 6633 12988 6780 4915 5251 14688 3820 8811 0 13010 7050 3498 7880 3024 12823 6917 15146 15651
17679 9881 20163 11976 4661 9214 12869 8927 23363 14863 8909 16363 18800 21800 13519 16663 3217 11898 14565 3416 9626 10470 14835 12649 14271 9473 7921 5183 9218 8975 22229 1722 8087 16700 11249 12638 17900 9396 9488 11560 14900 12140 13010 0 14827 10059 19432 15022 2247 15700 17163 9526
7864 6509 6030 3725 12087 8014 3819 7385 10763 7141 16200 3252 5401 8983 10938 7006 12941 14700 6824 12480 8361 6427 4641 9273 12919 7767 8134 10814 6949 7159 8730 13398 8555 14038 4300 13237 4335 7090 7502 15038 4689 4347 7050 14827 0 5994 9638 6360 15088 3335 12782 16922
8400 2120 11092 5593 6817 2764 6497 2019 15301 8491 11973 7713 10036 13558 9171 7542 8066 11983 8193 7605 3102 941 5594 7464 10796 2473 3244 6046 3937 1921 13251 8630 3236 12729 4877 9945 9060 1872 2208 11645 5960 5768 3498 10059 5994 0 10149 5493 9794 7348 12175 12590
2539 11780 12837 12093 16400 12395 13398 11766 15500 15336 20732 6997 10933 12124 18429 3029 16950 20632 14995 16961 12742 10218 8391 17061 20432 12206 12863 15300 13593 11540 14202 18129 12931 21432 12669 19032 7514 11491 11903 20632 7677 13647 7880 19432 9638 10149 0 7163 19056 7651 21132 21454
5389 6950 9679 6442 11812 7739 8648 7023 13092 11761 15827 3839 7775 8966 13088 4531 12921 15827 11487 12439 8086 5562 1837 11423 15069 7477 8207 11009 8197 6884 11044 13593 8240 15883 6413 14949 4465 6835 7212 15827 2000 8567 3024 15022 6360 5493 7163 0 14798 4493 15727 16549
17127 10299 20027 12994 3863 8627 13853 8309 23104 15504 10360 16350 18627 21627 14529 16027 4804 13137 15187 4858 9042 10283 14899 13580 15262 8855 8827 5575 10202 8353 22127 2675 7490 17271 12267 13599 17727 9992 8897 12803 15168 13142 12823 2247 15088 9794 19056 14798 0 15687 17727 10977
5851 7759 6555 4894 13333 9280 6498 8739 9737 9075 17000 663 4651 7169 12337 4993 14163 15400 8694 13702 9715 7826 4102 10672 14318 8989 9533 12213 8171 8513 8036 14797 9777 14700 5699 14632 2348 8444 8724 15400 3455 6677 6917 15700 3335 7348 7651 4493 15687 0 14273 17722
19100 10417 14191 10142 14800 13186 9551 12441 21042 7133 14700 14782 14393 19700 4818 18300 14300 8549 7026 14988 13524 12606 14403 4993 4228 12895 10275 13558 9371 12357 20100 15600 13683 1969 9937 6619 15700 11785 12103 8418 14739 8773 15146 17163 12782 12175 21132 15727 17727 14273 0 15422
19701 12464 22130 14608 11766 13692 15442 12947 25422 16739 722 18385 20822 23822 12561 18722 6469 9275 16422 6470 14063 13120 16589 13512 12065 13401 10375 8688 11725 12781 24161 8504 13043 14866 13855 11261 19919 12060 12096 8948 16820 14727 15651 9526 16922 12590 21454 16549 10977 17722 15422 0