NUM_EXCHANGE 2
NUM_DOCS 10
MAX_TRANSFER_TIME 24000
MAX_TIME 48000
DRIVING_TIMES
0 12668 1788 4177 11143 3465 9336 8196 13322 13721 19000 10370 2114
12668 0 12510 12470 8028 15200 6517 5775 1323 11554 9448 7009 14336
1788 12510 0 2918 11040 4635 9207 8004 13037 13595 18780 10267 3456
4177 12470 2918 0 12177 6971 7177 8185 13027 14998 19591 9757 5845
11143 8028 11040 12177 0 13947 8003 6108 8613 3875 8282 8499 12866
3465 15200 4635 6971 13947 0 12140 10990 15988 16515 21802 13174 5093
9336 6517 9207 7177 8003 12140 0 2609 7034 11457 14325 3797 11019
8196 5775 8004 8185 6108 10990 2609 0 6292 9562 13583 3643 9864
13322 1323 13037 13027 8613 15988 7034 6292 0 12139 9965 6491 14990
13721 11554 13595 14998 3875 16515 11457 9562 12139 0 9900 11944 14528
19000 9448 18780 19591 8282 21802 14325 13583 9965 9900 0 14784 20015
10370 7009 10267 9757 8499 13174 3797 3643 6491 11944 14784 0 12093
2114 14336 3456 5845 12866 5093 11019 9864 14990 14528 20015 12093 0