NUM_EXCHANGE 2
NUM_DOCS 20
MAX_TRANSFER_TIME 24000
MAX_TIME 48000
DRIVING_TIMES
0 4065 1335 3643 8214 5641 1988 11651 12973 4568 15242 5081 5663 12338 10278 7580 6317 6285 9877 7272 3085 7459 15000
4065 0 3362 3221 10917 2749 4153 8371 9693 3493 12381 7365 8072 9494 9638 9181 5242 5133 12294 6120 5874 9843 13352
1335 3362 0 2901 8491 4921 1391 10931 12243 3826 14522 5029 5666 11596 9356 7356 5575 5565 9880 6552 3448 7333 15000
3643 3221 2901 0 10515 4448 3853 10458 10048 1631 12318 6943 7460 9401 7827 9447 3380 3361 11780 4348 5449 8602 13289
8214 10917 8491 10515 0 12434 9371 17369 18969 11440 21590 7900 8550 18136 12383 12009 13157 13120 6047 14107 5133 7611 21869
5641 2749 4921 4448 12434 0 5692 9766 11096 4720 13784 8854 9561 10923 10877 7933 6469 6475 13783 7356 7433 11402 14755
1988 4153 1391 3853 9371 5692 0 11702 13024 4778 15484 6396 7015 12548 8974 8747 6527 6471 11229 7458 4286 6152 15600
11651 8371 10931 10458 17369 9766 11702 0 4618 10730 9868 14951 14800 7634 15400 15355 11109 11115 19127 11524 13443 17038 10820
12973 9693 12243 10048 18969 11096 13024 4618 0 8877 6145 15969 16269 5616 13406 17245 8847 8929 20472 9338 14765 16111 7090
4568 3493 3826 1631 11440 4720 4778 10730 8877 0 11102 7868 8423 8249 7686 10470 3233 3209 12797 4196 6412 8425 12073
15242 12381 14522 12318 21590 13784 15484 9868 6145 11102 0 18499 18890 6018 15598 20176 11072 11078 22983 11665 17090 18325 978
5081 7365 5029 6943 7900 8854 6396 14951 15969 7868 18499 0 1088 15469 13877 4839 9617 9623 7015 10551 5002 11057 18869
5663 8072 5666 7460 8550 9561 7015 14800 16269 8423 18890 1088 0 15769 14438 5133 10172 10295 7160 11258 5622 11612 19169
12338 9494 11596 9401 18136 10923 12548 7634 5616 8249 6018 15469 15769 0 11717 16939 8219 8225 19894 7623 14181 14957 6989
10278 9638 9356 7827 12383 10877 8974 15400 13406 7686 15598 13877 14438 11717 0 16112 4767 4761 15700 5597 10857 5587 16100
7580 9181 7356 9447 12009 7933 8747 15355 17245 10470 20176 4839 5133 16939 16112 0 12173 12176 11433 13163 8007 14641 20355
6317 5242 5575 3380 13157 6469 6527 11109 8847 3233 11072 9617 10172 8219 4767 12173 0 370 14417 2332 8161 8042 12043
6285 5133 5565 3361 13120 6475 6471 11115 8929 3209 11078 9623 10295 8225 4761 12176 370 0 14509 2338 8077 8036 12049
9877 12294 9880 11780 6047 13783 11229 19127 20472 12797 22983 7015 7160 19894 15700 11433 14417 14509 0 15496 8039 10983 23627
7272 6120 6552 4348 14107 7356 7458 11524 9338 4196 11665 10551 11258 7623 5597 13163 2332 2338 15496 0 9064 8845 12636
3085 5874 3448 5449 5133 7433 4286 13443 14765 6412 17090 5002 5622 14181 10857 8007 8161 8077 8039 9064 0 7215 17300
7459 9843 7333 8602 7611 11402 6152 17038 16111 8425 18325 11057 11612 14957 5587 14641 8042 8036 10983 8845 7215 0 18733
15000 13352 15000 13289 21869 14755 15600 10820 7090 12073 978 18869 19169 6989 16100 20355 12043 12049 23627 12636 17300 18733 0