NUM_EXCHANGE 2
NUM_DOCS 30
MAX_TRANSFER_TIME 24000
MAX_TIME 48000
DRIVING_TIMES
0 7241 5369 2448 3999 10265 6902 8214 8273 4133 2851 6443 9064 2464 6535 2291 8370 8843 7723 7534 9039 8756 7959 8340 7249 10668 9963 5950 6231 9529 7530 13905 6500
7241 0 9346 8066 8024 14500 10775 11610 13723 6165 6821 10316 12953 8297 10605 7572 14004 12732 11612 806 5581 13984 11611 12393 3336 8063 14900 11182 1821 10087 987 18400 12372
5369 9346 0 6130 2974 8524 1797 5181 6573 6487 4076 2751 4049 6146 1774 6908 10549 4010 3269 9732 11255 6233 5158 3242 9489 10559 12251 3973 8429 9178 9794 12205 10182
2448 8066 6130 0 4715 9368 7647 8975 7282 5199 3612 7188 9740 348 7296 3724 6334 9519 8399 8559 10049 7843 8671 9101 8274 11734 7901 5107 7240 10613 8531 13051 4481
3999 8024 2974 4715 0 8422 4416 5712 6434 5127 2690 3578 6594 4775 4140 5567 9276 6373 5151 8317 9840 6859 5452 5945 8080 10036 11992 3947 7014 8584 8337 12007 8841
10265 14500 8524 9368 8422 0 8702 12475 4262 12692 10164 9811 11648 9051 9327 11557 6777 11727 10877 14500 16500 3437 12218 11041 15400 17000 8423 5070 14647 15900 15100 5049 8980
6902 10775 1797 7647 4416 8702 0 5928 7343 8030 5593 4336 4554 7678 1301 8470 10652 4508 4371 11258 12758 6181 6579 3738 10983 11377 12287 4738 9949 9815 11240 12399 11753
8214 11610 5181 8975 5712 12475 5928 0 10550 7020 6581 2750 3032 8991 5143 9726 14526 2660 2068 11903 9713 10668 980 2547 11628 6445 15900 7890 10600 5064 12060 15800 13027
8273 13723 6573 7282 6434 4262 7343 10550 0 10676 8148 7891 10306 7071 7846 9549 5011 10085 8965 14038 15458 2988 10298 9651 13629 15724 6668 3158 12735 14230 13886 7961 6915
4133 6165 6487 5199 5127 12692 8030 7020 10676 0 3869 7136 9511 5215 7659 4664 11121 9120 8557 6458 7695 11159 7142 9098 6215 7641 12714 8256 5155 5435 6580 15600 9251
2851 6821 4076 3612 2690 10164 5593 6581 8148 3869 0 5134 7771 3628 5243 4390 9534 7550 6430 7114 8637 8631 6302 7072 6871 10292 11127 5819 5811 8967 7225 13780 7664
6443 10316 2751 7188 3578 9811 4336 2750 7891 7136 5134 0 3674 7219 3976 8011 11867 3470 1671 10652 11786 8286 2446 3501 10524 8651 13569 5243 9490 7065 10781 13508 11294
9064 12953 4049 9740 6594 11648 4554 3032 10306 9511 7771 3674 0 9841 3771 10576 13598 391 2422 13342 11624 9341 3606 1171 13161 8481 15091 7701 12124 6975 13418 14892 13877
2464 8297 6146 348 4775 9051 7678 8991 7071 5215 3628 7219 9841 0 7312 3740 6081 9620 8500 8590 10113 7526 8736 9117 8290 11750 7711 4790 7287 10585 8612 12703 4228
6535 10605 1774 7296 4140 9327 1301 5143 7846 7659 5243 3976 3771 7312 0 8074 11181 3850 4030 10898 12421 6812 5755 2982 10655 10505 12883 5246 9595 9124 10955 13024 11348
2291 7572 6908 3724 5567 11557 8470 9726 9549 4664 4390 8011 10576 3740 8074 0 9646 10382 9262 7939 9462 10032 9498 9879 6007 11117 11239 7226 6636 10039 8030 14927 7776
8370 14004 10549 6334 9276 6777 10652 14526 5011 11121 9534 11867 13598 6081 11181 9646 0 13724 12941 14518 16027 5350 14274 12950 14196 17672 3540 7134 13178 16536 14469 10375 2672
8843 12732 4010 9519 6373 11727 4508 2660 10085 9120 7550 3470 391 9620 3850 10382 13724 0 2091 13121 11265 9459 3247 1250 12940 8109 14700 7480 11903 6616 13197 14800 13656
7723 11612 3269 8399 5151 10877 4371 2068 8965 8557 6430 1671 2422 8500 4030 9262 12941 2091 0 12001 10672 9026 2608 2228 11820 7517 14561 6360 10783 6065 12077 14574 12536
7534 806 9732 8559 8317 14500 11258 11903 14038 6458 7114 10652 13342 8590 10898 7939 14518 13121 12001 0 5954 14425 11950 12703 3779 8356 14900 11475 2120 10527 627 18400 12665
9039 5581 11255 10049 9840 16500 12758 9713 15458 7695 8637 11786 11624 10113 12421 9462 16027 11265 10672 5954 0 15400 10089 11243 6795 3397 16900 12998 4946 6149 6046 20211 14157
8756 13984 6233 7843 6859 3437 6181 10668 2988 11159 8631 8286 9341 7526 6812 10032 5350 9459 9026 14425 15400 0 10693 8685 14112 15500 7022 3713 13078 14665 14369 7134 7553
7959 11611 5158 8671 5452 12218 6579 980 10298 7142 6302 2446 3606 8736 5755 9498 14274 3247 2608 11950 10089 10693 0 3225 11819 6954 15900 7650 10785 5502 12076 15800 12772
8340 12393 3242 9101 5945 11041 3738 2547 9651 9098 7072 3501 1171 9117 2982 9879 12950 1250 2228 12703 11243 8685 3225 0 12460 7996 14652 7051 11400 6544 12784 14793 13153
7249 3336 9489 8274 8080 15400 10983 11628 13629 6215 6871 10524 13161 8290 10655 6007 14196 12940 11820 3779 6795 14112 11819 12460 0 9089 15866 11209 2724 10268 4065 18659 12326
10668 8063 10559 11734 10036 17000 11377 6445 15724 7641 10292 8651 8481 11750 10505 11117 17672 8109 7517 8356 3397 15500 6954 7996 9089 0 19000 13262 7360 3014 8465 20774 15866
9963 14900 12251 7901 11992 8423 12287 15900 6668 12714 11127 13569 15091 7711 12883 11239 3540 14700 14561 14900 16900 7022 15900 14652 15866 19000 0 8836 14755 17400 15527 12126 3540
5950 11182 3973 5107 3947 5070 4738 7890 3158 8256 5819 5243 7701 4790 5246 7226 7134 7480 6360 11475 12998 3713 7650 7051 11209 13262 8836 0 10172 11810 11531 8790 7730
6231 1821 8429 7240 7014 14647 9949 10600 12735 5155 5811 9490 12124 7287 9595 6636 13178 11903 10783 2120 4946 13078 10785 11400 2724 7360 14755 10172 0 9240 2170 17900 11362
9529 10087 9178 10613 8584 15900 9815 5064 14230 5435 8967 7065 6975 10585 9124 10039 16536 6616 6065 10527 6149 14665 5502 6544 10268 3014 17400 11810 9240 0 10552 19322 14660
7530 987 9794 8531 8337 15100 11240 12060 13886 6580 7225 10781 13418 8612 10955 8030 14469 13197 12077 627 6046 14369 12076 12784 4065 8465 15527 11531 2170 10552 0 19000 12648
13905 18400 12205 13051 12007 5049 12399 15800 7961 15600 13780 13508 14892 12703 13024 14927 10375 14800 14574 18400 20211 7134 15800 14793 18659 20774 12126 8790 17900 19322 19000 0 12625
6500 12372 10182 4481 8841 8980 11753 13027 6915 9251 7664 11294 13877 4228 11348 7776 2672 13656 12536 12665 14157 7553 12772 13153 12326 15866 3540 7730 11362 14660 12648 12625 0