NUM_EXCHANGE 2
NUM_DOCS 50
MAX_TRANSFER_TIME 24000
MAX_TIME 48000
DRIVING_TIMES
0 5950 3232 5696 7510 12810 4785 11806 7224 3102 7420 10178 9801 9573 11853 7840 5907 9529 13876 4688 4138 3381 5366 13881 8398 6109 4036 7959 8856 15400 8835 2237 7510 6259 8313 7399 10139 8283 5645 3299 6954 6977 9618 2476 9365 5591 10437 3420 4539 6492 2693 5131 10153
5950 0 7641 4940 2269 15672 3438 15518 10909 3335 3108 4337 5011 13858 7547 12125 10201 11777 8035 2106 8423 3206 1060 16409 12722 276 8321 8090 3015 9595 2994 4317 2343 6390 12699 10534 7034 11763 10010 5227 11248 11395 9767 5912 12262 9141 6329 7705 7197 10941 7041 6325 14438
3232 7641 0 7226 9144 10402 6332 9636 4645 4824 9257 11806 10883 7372 12705 5186 3671 9353 15000 6335 1809 5011 6990 11714 6228 7737 1542 9591 10484 16692 10468 4031 9223 7891 6143 5633 10991 6149 3475 4151 4720 4807 10362 3124 6798 3255 11277 1439 4210 4340 1800 7007 8025
5696 4940 7226 0 4659 13660 2731 15820 11218 7077 7809 8483 9164 13567 11699 11834 9901 9153 12399 5893 8132 5777 5194 14598 12415 5173 8030 4672 7208 14021 7229 3906 4688 4199 12330 8584 11187 9813 9719 7233 10950 10886 7191 6461 10312 9557 10493 7414 8473 9777 6687 5110 14147
7510 2269 9144 4659 0 17080 4604 16803 12526 4895 5128 4357 4971 14100 7512 13752 11814 12992 8242 3666 10050 4833 2643 17700 14349 2535 9948 8667 3021 9802 2950 5934 141 7681 14291 12151 6994 13380 11623 6777 12863 12955 11048 7357 13879 10758 6289 9322 8824 12501 8601 7885 15438
12810 15672 10402 13660 17080 0 13689 10725 13072 14400 17380 19961 20080 6008 22079 5367 7249 8591 23077 14490 11590 13952 15140 1368 4748 15892 10039 10721 18632 24769 18457 12088 17080 9973 4814 6588 20280 5576 7823 13697 6297 10189 10876 12702 4751 12067 20380 10595 13729 7626 11277 10657 7515
4785 3438 6332 2731 4604 13689 0 14944 10324 6090 6294 7729 8393 12673 10928 10940 9007 9240 11450 4000 7238 4883 3692 14627 11536 3660 7136 5522 6407 12987 6379 3305 4633 3822 11451 8592 10416 9821 8783 6339 10056 10115 7199 5508 10320 8691 9711 6520 7579 9677 5761 4186 13253
11806 15518 9636 15820 16803 10725 14944 0 11645 13437 16701 19792 18403 5485 20402 7854 7342 14949 23103 14948 10627 13547 15598 12016 6107 15741 11047 15758 18517 24795 18280 12396 16803 15773 6174 12434 18603 11570 7921 12734 6520 6271 16003 11737 10560 11075 18703 10851 12766 12314 10294 15200 3427
7224 10909 4645 11218 12526 13072 10324 11645 0 7746 12160 15198 13796 9635 15600 8231 5896 13925 18200 10258 4083 8926 10386 14438 8606 11101 6098 13583 13867 19892 13791 7901 12452 11883 8521 10205 13888 10721 5639 7052 6937 6491 14847 6142 10787 1964 14153 6011 4306 8907 5792 10995 9835
3102 3335 4824 7077 4895 14400 6090 13437 7746 0 4815 7581 7186 11165 9570 9432 7499 11554 11278 2620 5373 2259 2900 15200 10029 3512 5506 9386 6259 12839 6276 3882 4924 7686 9944 9597 8235 10113 7276 2099 8548 8608 11063 2706 11195 5978 8363 4890 4034 8276 4119 6773 11745
7420 3108 9257 7809 5128 17380 6294 16701 12160 4815 0 4357 3051 14100 5586 13834 11871 14373 10128 3523 9867 4695 3159 18100 14429 3321 9989 10910 4671 11680 4052 6062 5054 9210 14348 12690 5074 13912 11680 5704 12892 13012 12587 7100 14418 10392 4375 9362 8567 12797 8605 9152 15238
10178 4337 11806 8483 4357 19961 7729 19792 15198 7581 4357 0 2878 17100 5413 16462 14481 16063 7596 6330 12712 7495 5305 20683 17059 4550 12610 11542 2760 9218 2135 8486 4456 10645 17028 14823 4901 16094 14299 9038 15400 15732 14022 10019 16300 13430 4152 11994 11486 15178 11267 10587 18438
9801 5011 10883 9164 4971 20080 8393 18403 13796 7186 3051 2878 0 15700 3534 15400 13496 16202 8887 6574 11375 7746 6005 20894 15700 5231 11497 12106 3272 10439 2689 9113 4979 11345 15700 14900 2933 16100 13305 7212 14545 14637 14709 8735 16600 12028 2219 10908 10095 14306 10148 11280 16938
9573 13858 7372 13567 14100 6008 12673 5485 9635 11165 14100 17100 15700 0 17699 3422 3739 10176 20400 12676 8363 11275 13326 7281 1316 14078 8359 11921 16079 22092 15577 10294 14241 11152 1401 7735 15900 6805 4322 10470 2766 6230 12076 9465 5795 8782 16000 8480 10496 7615 8141 11860 2408
11853 7547 12705 11699 7512 22079 10928 20402 15600 9570 5586 5413 3534 17699 0 17288 15318 19276 11422 9109 13229 10232 8540 22793 17699 7766 13362 14679 5816 12982 5288 11648 7611 13880 17699 16899 2505 17969 15127 9069 16367 16536 17200 10557 18799 13834 1699 12746 11890 16100 11970 13815 18937
7840 12125 5186 11834 13752 5367 10940 7854 8231 9432 13834 16462 15400 3422 17288 0 2704 9168 19434 10943 6630 9587 11593 6674 2106 12345 5448 10825 15092 21126 15071 8639 13806 10004 2025 5448 15574 4789 3287 8737 2210 6840 10980 7732 3779 7097 15700 5628 8769 4793 6261 10712 4799
5907 10201 3671 9901 11814 7249 9007 7342 5896 7499 11871 14481 13496 3739 15318 2704 0 10973 17300 9010 4657 7618 9660 8550 2765 10412 5077 12233 13159 18992 13083 6706 11744 10533 2698 7253 13604 7198 583 6764 1049 4258 12785 5799 6455 5045 13887 4881 6796 6598 4475 9620 4442
9529 11777 9353 9153 12992 8591 9240 14949 13925 11554 14373 16063 16202 10176 19276 9168 10973 0 19202 11035 11083 10498 11685 9529 8944 11994 7871 6214 14735 20894 14659 8663 13021 5544 9011 4063 17602 4927 11174 11796 10548 13818 4251 10870 5681 12531 17702 8741 12830 5235 8779 6167 11683
13876 8035 15000 12399 8242 23077 11450 23103 18200 11278 10128 7596 8887 20400 11422 19434 17300 19202 0 10027 15600 11193 9003 24000 20031 8288 15600 14800 6330 3290 6874 12304 8341 14402 19993 17702 10910 19210 17300 13243 18349 19291 17000 13859 19600 16300 10205 15200 15184 17926 15053 14285 21738
4688 2106 6335 5893 3666 14490 4000 14948 10258 2620 3523 6330 6574 12676 9109 10943 9010 11035 10027 0 7241 1962 1599 15429 11540 2261 7139 8083 5008 11588 5047 2819 3695 6383 11463 9352 8597 10581 8795 4640 10059 10127 9760 5197 11080 8490 7842 6523 6581 9616 5773 5889 13256
4138 8423 1809 8132 10050 11590 7238 10627 4083 5373 9867 12712 11375 8363 13229 6630 4657 11083 15600 7241 0 5947 7891 12914 7215 8643 3272 10497 11390 17292 11369 4937 10124 8797 7134 7363 11483 7879 4466 4643 5706 5798 11695 3673 8528 2321 11782 3155 2798 6071 2706 7909 8954
3381 3206 5011 5777 4833 13952 4883 13547 8926 2259 4695 7495 7746 11275 10232 9587 7618 10498 11193 1962 5947 0 2683 14890 10182 3426 5760 8142 6173 12753 6152 2147 4862 6442 10101 8812 9540 10040 7427 4141 8665 8765 9819 4093 10540 7293 8963 5122 6136 8255 4411 5410 11855
5366 1060 6990 5194 2643 15140 3692 15598 10386 2900 3159 5305 6005 13326 8540 11593 9660 11685 9003 1599 7891 2683 0 15694 12190 1236 7789 8312 3983 10563 4001 3785 2673 6612 12135 10002 8028 11231 9467 4733 10709 10799 9989 5385 11730 8618 7281 7173 6674 10345 6445 6189 13906
13881 16409 11714 14598 17700 1368 14627 12016 14438 15200 18100 20683 20894 7281 22793 6674 8550 9529 24000 15429 12914 14890 15694 0 6065 16632 11142 11659 19408 25692 19171 12858 17700 10911 6132 7526 20994 6514 9133 15004 7588 11507 11814 14016 5836 13374 21094 11902 15036 8563 12591 11639 8788
8398 12722 6228 12415 14349 4748 11536 6107 8606 10029 14429 17059 15700 1316 17699 2106 2765 8944 20031 11540 7215 10182 12190 6065 0 12926 7211 10689 15737 21723 15577 8988 14323 9874 85 6530 15900 5573 3348 9322 1827 5706 10844 8329 4563 7692 16000 7332 9354 6337 6886 10582 2823
6109 276 7737 5173 2535 15892 3660 15741 11101 3512 3321 4550 5231 14078 7766 12345 10412 11994 8288 2261 8643 3426 1236 16632 12926 0 8541 8276 3275 9853 3217 4417 2559 6576 12841 10754 7254 11983 10230 5476 11461 11397 9953 5950 12482 9333 6594 7925 7417 11107 7198 6518 14658
4036 8321 1542 8030 9948 10039 7136 11047 6098 5506 9989 12610 11497 8359 13362 5448 5077 7871 15600 7139 3272 5760 7789 11142 7211 8541 0 9528 11288 17292 11267 4712 9979 8589 7130 4151 11605 4667 4886 4812 6124 6218 9683 3806 5749 4715 11908 947 5197 2869 1624 6677 9374
7959 8090 9591 4672 8667 10721 5522 15758 13583 9386 10910 11542 12106 11921 14679 10825 12233 6214 14800 8083 10497 8142 8312 11659 10689 8276 9528 0 10188 16492 10135 6271 8682 2507 10756 5752 14129 6981 11957 9598 12279 13289 3134 8617 7480 11928 13429 9194 10793 6892 8935 4658 13428
8856 3015 10484 7208 3021 18632 6407 18517 13867 6259 4671 2760 3272 16079 5816 15092 13159 14735 6330 5008 11390 6173 3983 19408 15737 3275 11288 10188 0 7890 840 7275 3120 9323 15657 13492 5295 14721 12968 8216 14206 14394 12700 8697 15220 12099 4609 10663 10164 13856 10040 9265 17317
15400 9595 16692 14021 9802 24769 12987 24795 19892 12839 11680 9218 10439 22092 12982 21126 18992 20894 3290 11588 17292 12753 10563 25692 21723 9853 17292 16492 7890 0 8434 13856 9836 15400 21685 19394 12462 20902 18992 14803 20041 20892 18692 15189 21192 17992 11776 16892 16192 19618 16392 15700 23330
8835 2994 10468 7229 2950 18457 6379 18280 13791 6276 4052 2135 2689 15577 5288 15071 13083 14659 6874 5047 11369 6152 4001 19171 15577 3217 11267 10135 840 8434 0 7199 3049 9331 15577 13416 4712 14645 12892 8158 14130 14193 12700 8746 15144 12023 4022 10587 10143 13882 9982 9244 16815
2237 4317 4031 3906 5934 12088 3305 12396 7901 3882 6062 8486 9113 10294 11648 8639 6706 8663 12304 2819 4937 2147 3785 12858 8988 4417 4712 6271 7275 13856 7199 0 5860 4571 8903 6991 10796 8220 6235 4038 7634 7567 7948 3303 8719 6206 10381 4191 5126 7129 3213 3893 10952
7510 2343 9223 4688 141 17080 4633 16803 12452 4924 5054 4456 4979 14241 7611 13806 11744 13021 8341 3695 10124 4862 2673 17700 14323 2559 9979 8682 3120 9836 3049 5860 0 7710 14242 12077 7002 13306 11553 6806 12791 12984 10995 7456 13805 10684 6304 9248 8861 12530 8630 7903 15438
6259 6390 7891 4199 7681 9973 3822 15773 11883 7686 9210 10645 11345 11152 13880 10004 10533 5544 14402 6383 8797 6442 6612 10911 9874 6576 8589 2507 9323 15400 9331 4571 7710 0 9959 4896 13368 6125 10257 7898 11423 11589 3445 6917 6624 10228 12625 7972 9093 6065 7235 2290 12652
8313 12699 6143 12330 14291 4814 11451 6174 8521 9944 14348 17028 15700 1401 17699 2025 2698 9011 19993 11463 7134 10101 12135 6132 85 12841 7130 10756 15657 21685 15577 8903 14242 9959 0 6615 15900 5640 3281 9241 1746 5621 10911 8306 4630 7611 16000 7251 9273 6411 6801 10667 2908
7399 10534 5633 8584 12151 6588 8592 12434 10205 9597 12690 14823 14900 7735 16899 5448 7253 4063 17702 9352 7363 8812 10002 7526 6530 10754 4151 5752 13492 19394 13416 6991 12077 4896 6615 0 15100 2009 7454 8903 7591 10098 5884 7897 3192 8811 15200 5074 9315 1515 5715 5604 9295
10139 7034 10991 11187 6994 20280 10416 18603 13888 8235 5074 4901 2933 15900 2505 15574 13604 17602 10910 8597 11483 9540 8028 20994 15900 7254 11605 14129 5295 12462 4712 10796 7002 13368 15900 15100 0 16255 13413 7320 14625 14745 16300 8843 17000 12120 1244 10960 10176 14414 10256 13303 17138
8283 11763 6149 9813 13380 5576 9821 11570 10721 10113 13912 16094 16100 6805 17969 4789 7198 4927 19210 10581 7879 10040 11231 6514 5573 11983 4667 6981 14721 20902 14645 8220 13306 6125 5640 2009 16255 0 7399 9419 6953 10249 7121 8413 1335 9327 16400 5614 9831 2085 6231 6833 8312
5645 10010 3475 9719 11623 7823 8783 7921 5639 7276 11680 14299 13305 4322 15127 3287 583 11174 17300 8795 4466 7427 9467 9133 3348 10230 4886 11957 12968 18992 12892 6235 11553 10257 3281 7454 13413 7399 0 6573 1632 4076 12986 5617 7038 4854 13704 4690 6605 6847 4133 9429 5016
3299 5227 4151 7233 6777 13697 6339 12734 7052 2099 5704 9038 7212 10470 9069 8737 6764 11796 13243 4640 4643 4141 4733 15004 9322 5476 4812 9598 8216 14803 8158 4038 6806 7898 9241 8903 7320 9419 6573 0 7813 7905 11275 2003 10501 5284 7618 4196 3340 7574 3416 7010 11051
6954 11248 4720 10950 12863 6297 10056 6520 6937 8548 12892 15400 14545 2766 16367 2210 1049 10548 18349 10059 5706 8665 10709 7588 1827 11461 6124 12279 14206 20041 14130 7634 12791 11423 1746 7591 14625 6953 1632 7813 0 5040 12356 6848 5943 6088 14936 5928 7845 6922 5524 10669 3666
6977 11395 4807 10886 12955 10189 10115 6271 6491 8608 13012 15732 14637 6230 16536 6840 4258 13818 19291 10127 5798 8765 10799 11507 5706 11397 6218 13289 14394 20892 14193 7567 12984 11589 5621 10098 14745 10249 4076 7905 5040 0 14513 7179 10005 6246 15006 6022 7937 8823 5465 10761 4826
9618 9767 10362 7191 11048 10876 7199 16003 14847 11063 12587 14022 14709 12076 17200 10980 12785 4251 17000 9760 11695 9819 9989 11814 10844 9953 9683 3134 12700 18692 12700 7948 10995 3445 10911 5884 16300 7121 12986 11275 12356 14513 0 10294 7600 13152 16002 9225 12470 7047 9329 5098 13583
2476 5912 3124 6461 7357 12702 5508 11737 6142 2706 7100 10019 8735 9465 10557 7732 5799 10870 13859 5197 3673 4093 5385 14016 8329 5950 3806 8617 8697 15189 8746 3303 7456 6917 8306 7897 8843 8413 5617 2003 6848 7179 10294 0 9495 4374 8968 3190 2576 6675 2690 6089 10045
9365 12262 6798 10312 13879 4751 10320 10560 10787 11195 14418 16300 16600 5795 18799 3779 6455 5681 19600 11080 8528 10540 11730 5836 4563 12482 5749 7480 15220 21192 15144 8719 13805 6624 4630 3192 17000 1335 7038 10501 5943 10005 7600 9495 0 9543 17100 6696 10677 3361 7313 7332 7302
5591 9141 3255 9557 10758 12067 8691 11075 1964 5978 10392 13430 12028 8782 13834 7097 5045 12531 16300 8490 2321 7293 8618 13374 7692 9333 4715 11928 12099 17992 12023 6206 10684 10228 7611 8811 12120 9327 4854 5284 6088 6246 13152 4374 9543 0 12385 4555 2538 7522 4104 9362 9323
10437 6329 11277 10493 6289 20380 9711 18703 14153 8363 4375 4152 2219 16000 1699 15700 13887 17702 10205 7842 11782 8963 7281 21094 16000 6594 11908 13429 4609 11776 4022 10381 6304 12625 16000 15200 1244 16400 13704 7618 14936 15006 16002 8968 17100 12385 0 11297 10521 14723 10554 12549 17238
3420 7705 1439 7414 9322 10595 6520 10851 6011 4890 9362 11994 10908 8480 12746 5628 4881 8741 15200 6523 3155 5122 7173 11902 7332 7925 947 9194 10663 16892 10587 4191 9248 7972 7251 5074 10960 5614 4690 4196 5928 6022 9225 3190 6696 4555 11297 0 5016 3756 1008 6061 9178
4539 7197 4210 8473 8824 13729 7579 12766 4306 4034 8567 11486 10095 10496 11890 8769 6796 12830 15184 6581 2798 6136 6674 15036 9354 7417 5197 10793 10164 16192 10143 5126 8861 9093 9273 9315 10176 9831 6605 3340 7845 7937 12470 2576 10677 2538 10521 5016 0 8006 4353 8238 11076
6492 10941 4340 9777 12501 7626 9677 12314 8907 8276 12797 15178 14306 7615 16100 4793 6598 5235 17926 9616 6071 8255 10345 8563 6337 11107 2869 6892 13856 19618 13882 7129 12530 6065 6411 1515 14414 2085 6847 7574 6922 8823 7047 6675 3361 7522 14723 3756 8006 0 4440 6828 9116
2693 7041 1800 6687 8601 11277 5761 10294 5792 4119 8605 11267 10148 8141 11970 6261 4475 8779 15053 5773 2706 4411 6445 12591 6886 7198 1624 8935 10040 16392 9982 3213 8630 7235 6801 5715 10256 6231 4133 3416 5524 5465 9329 2690 7313 4104 10554 1008 4353 4440 0 6136 8721
5131 6325 7007 5110 7885 10657 4186 15200 10995 6773 9152 10587 11280 11860 13815 10712 9620 6167 14285 5889 7909 5410 6189 11639 10582 6518 6677 4658 9265 15700 9244 3893 7903 2290 10667 5604 13303 6833 9429 7010 10669 10761 5098 6089 7332 9362 12549 6061 8238 6828 6136 0 13367
10153 14438 8025 14147 15438 7515 13253 3427 9835 11745 15238 18438 16938 2408 18937 4799 4442 11683 21738 13256 8954 11855 13906 8788 2823 14658 9374 13428 17317 23330 16815 10952 15438 12652 2908 9295 17138 8312 5016 11051 3666 4826 13583 10045 7302 9323 17238 9178 11076 9116 8721 13367 0