NUM_EXCHANGE 3
NUM_DOCS 10
MAX_TRANSFER_TIME 24000
MAX_TIME 48000
DRIVING_TIMES
0 5903 4578 12419 14630 5664 13468 10784 10963 12177 9630 7564 14613 8463
5903 0 9113 8190 10494 2229 9239 7383 6205 7755 5401 12036 10388 4884
4578 9113 0 15400 15900 8900 16011 13992 14540 14500 12851 4135 16900 11914
12419 8190 15400 0 6399 7582 1049 5627 11132 7814 6067 17884 2826 12367
14630 10494 15900 6399 0 9793 6328 7481 14105 11872 8266 19400 7885 14615
5664 2229 8900 7582 9793 0 8631 6682 6919 7243 4731 11792 9718 6406
13468 9239 16011 1049 6328 8631 0 6676 10196 7856 7116 18933 1890 11979
10784 7383 13992 5627 7481 6682 6676 0 10986 8811 5098 16300 7916 11504
10963 6205 14540 11132 14105 6919 10196 10986 0 3865 6474 17300 9198 4137
12177 7755 14500 7814 11872 7243 7856 8811 3865 0 4788 17702 6929 5602
9630 5401 12851 6067 8266 4731 7116 5098 6474 4788 0 15300 8197 8358
7564 12036 4135 17884 19400 11792 18933 16300 17300 17702 15300 0 20292 14984
14613 10388 16900 2826 7885 9718 1890 7916 9198 6929 8197 20292 0 10979
8463 4884 11914 12367 14615 6406 11979 11504 4137 5602 8358 14984 10979 0