NUM_EXCHANGE 3
NUM_DOCS 20
MAX_TRANSFER_TIME 24000
MAX_TIME 48000
DRIVING_TIMES
0 9881 16500 6486 9408 12377 19731 9217 10450 7233 10173 11223 9683 6668 10908 8126 13290 6842 7578 9698 16500 21473 8369 4297
9881 0 8545 3842 4996 4556 12179 10524 2628 9461 6631 3585 1211 4167 3070 5549 4840 3874 4836 1226 11759 14060 2564 12689
16500 8545 0 10898 9555 9148 8003 17200 9560 16100 8770 7268 7925 11220 9280 10551 4907 10978 11877 7786 5048 7041 10016 18777
6486 3842 10898 0 7215 6602 14038 7298 4411 6254 8841 5795 3900 2195 5125 7262 7507 2598 1557 3915 14038 15600 2488 9463
9408 4996 9555 7215 0 9039 15800 13771 7210 12645 5267 2534 5422 6414 7713 1545 7010 6044 8054 5414 12769 14968 6807 10769
12377 4556 9148 6602 9039 0 9059 12943 4639 11957 10699 7653 5256 6663 2031 9592 5443 6370 7391 5101 12362 13526 5060 15185
19731 12179 8003 14038 15800 9059 0 20322 12255 19300 15000 14000 12862 14254 10179 16700 10890 13961 14982 12723 12323 12444 12713 22402
9217 10524 17200 7298 13771 12943 20322 0 11093 2349 15340 12407 10456 8751 11681 13818 14063 9154 8321 10471 20073 22400 8890 10713
10450 2628 9560 4411 7210 4639 12255 11093 0 10030 8845 5799 3467 4736 3134 7763 5831 4443 4172 3482 12788 15026 3133 13258
7233 9461 16100 6254 12645 11957 19300 2349 10030 0 14280 11234 9330 7625 10555 12692 12937 8028 7258 9345 18973 21300 7846 8729
10173 6631 8770 8841 5267 10699 15000 15340 8845 14280 0 4236 6991 9054 9275 4973 8181 8812 9689 7006 8835 14358 8480 11528
11223 3585 7268 5795 2534 7653 14000 12407 5799 11234 4236 0 4058 6121 6342 3530 5159 5879 6643 4073 10482 12792 5547 12647
9683 1211 7925 3900 5422 5256 12862 10456 3467 9330 6991 4058 0 4137 3848 5975 4220 3895 4739 220 11139 13477 3338 12528
6668 4167 11220 2195 6414 6663 14254 8751 4736 7625 9054 6121 4137 0 5268 5902 7704 806 2907 4128 14434 15800 2533 9856
10908 3070 9280 5125 7713 2031 10179 11681 3134 10555 9275 6342 3848 5268 0 8224 5575 4898 5964 3840 12494 13968 3604 13753
8126 5549 10551 7262 1545 9592 16700 13818 7763 12692 4973 3530 5975 5902 8224 0 7901 5532 8101 5967 13122 15200 6734 9468
13290 4840 4907 7507 7010 5443 10890 14063 5831 12937 8181 5159 4220 7704 5575 7901 0 7462 8346 4081 8121 10416 6276 14977
6842 3874 10978 2598 6044 6370 13961 9154 4443 8028 8812 5879 3895 806 4898 5532 7462 0 3187 3823 14192 15800 2240 10030
7578 4836 11877 1557 8054 7391 14982 8321 4172 7258 9689 6643 4739 2907 5964 8101 8346 3187 0 4754 15032 16857 3031 10486
9698 1226 7786 3915 5414 5101 12723 10471 3482 9345 7006 4073 220 4128 3840 5967 4081 3823 4754 0 11000 13289 3353 12543
16500 11759 5048 14038 12769 12362 12323 20073 12788 18973 8835 10482 11139 14434 12494 13122 8121 14192 15032 11000 0 9406 13230 18777
21473 14060 7041 15600 14968 13526 12444 22400 15026 21300 14358 12792 13477 15800 13968 15200 10416 15800 16857 13289 9406 0 14700 23848
8369 2564 10016 2488 6807 5060 12713 8890 3133 7846 8480 5547 3338 2533 3604 6734 6276 2240 3031 3353 13230 14700 0 11055
4297 12689 18777 9463 10769 15185 22402 10713 13258 8729 11528 12647 12528 9856 13753 9468 14977 10030 10486 12543 18777 23848 11055 0