NUM_EXCHANGE 3
NUM_DOCS 30
MAX_TRANSFER_TIME 24000
MAX_TIME 48000
DRIVING_TIMES
0 5776 10802 8741 15423 14517 6707 7609 13879 13009 755 4487 6698 13505 12005 12975 8240 16300 12121 13864 18219 13347 4624 6514 1513 8377 11106 9221 16400 7303 11751 6884 5980 11763
5776 0 5946 5865 10567 9669 9271 5011 9056 8336 6378 2780 1739 8643 7149 8124 9951 12277 7305 8941 14250 8531 7744 3076 7136 3558 6297 4439 12499 2466 6935 8434 2167 6926
10802 5946 0 8547 5275 10631 12739 7783 3790 9344 11416 7769 5264 5839 1605 6147 13343 7056 8314 5645 9074 3330 12733 6366 12171 5739 1003 5507 7271 5530 7950 11811 7206 7932
8741 5865 8547 0 13168 7475 5161 1691 11668 6355 8793 4807 5645 12371 9750 11852 5841 13507 5218 11377 16675 11138 5782 3046 8283 7269 8908 3366 14950 6169 4847 4396 7310 4732
15423 10567 5275 13168 0 15252 16697 12404 3009 13965 16036 12390 9762 5340 6535 6942 17251 10951 12935 10513 9847 3142 16951 10987 16051 8875 5684 10111 8066 9939 12571 15551 11827 12553
14517 9669 10631 7475 15252 0 10948 7769 13829 3008 14455 11250 8901 14582 11919 14063 11039 8956 3698 7943 17099 13288 11448 9030 13867 10278 11047 6514 15600 9178 3994 9288 10929 3187
6707 9271 12739 5161 16697 10948 0 5794 15718 8982 6201 7613 9135 15646 13845 15264 3087 17046 8681 15300 20422 15172 3102 6415 5534 10676 12931 7524 18603 9570 8339 2779 10652 8687
7609 5011 7783 1691 12404 7769 5794 0 10892 6759 8229 3967 4732 11458 9010 10939 6365 12737 5729 10686 16109 10346 6224 2155 8404 6411 8105 2303 14336 5310 5365 4848 6392 5025
13879 9056 3790 11668 3009 13829 15718 10892 0 12542 14484 10836 7567 3252 4993 4311 16100 10437 11433 9090 10531 4098 15500 9485 15151 6073 3538 8604 8780 7118 11062 14881 10316 11091
13009 8336 9344 6355 13965 3008 8982 6759 12542 0 12427 9939 7614 13295 10547 12776 9032 10384 2228 9395 16919 12024 9416 7709 11917 8906 9783 5227 15100 7806 1879 7186 9590 4303
755 6378 11416 8793 16036 14455 6201 8229 14484 12427 0 5120 7350 14173 12644 13544 7699 17055 12126 14497 18974 13980 4042 7123 909 8991 11739 9869 17155 7908 11784 6284 6613 12319
4487 2780 7769 4807 12390 11250 7613 3967 10836 9939 5120 0 3665 10472 8972 9932 8907 14100 8915 10722 15500 10304 5469 2599 5878 5370 8063 5439 14322 4270 8545 7390 4116 8496
6698 1739 5264 5645 9762 8901 9135 4732 7567 7614 7350 3665 0 7256 6480 6627 9686 11595 6584 8348 13561 7816 8629 2845 8067 2095 5575 3778 11798 977 6220 8207 2999 6202
13505 8643 5839 12371 5340 14582 15646 11458 3252 13295 14173 10472 7256 0 7023 2410 16100 12474 12265 10473 13325 6798 15400 9571 14959 5762 5557 9444 11574 6716 11901 14933 9903 11883
12005 7149 1605 9750 6535 11919 13845 9010 4993 10547 12644 8972 6480 7023 0 7350 14516 5451 9517 5185 8481 4533 13936 7569 13402 6929 2206 6722 6331 6681 9153 12999 8409 9135
12975 8124 6147 11852 6942 14063 15264 10939 4311 12776 13544 9932 6627 2410 7350 0 14900 12603 11714 9961 14511 8197 14917 9052 14355 5133 5951 8885 12760 6197 11382 14379 9384 11364
8240 9951 13343 5841 17251 11039 3087 6365 16100 9032 7699 8907 9686 16100 14516 14900 0 17100 8731 15600 20919 15600 4635 7095 7054 11327 13611 8117 19100 10250 8389 2687 11332 9367
16300 12277 7056 13507 10951 8956 17046 12737 10437 10384 17055 14100 11595 12474 5451 12603 17100 0 11074 4780 9715 8991 17600 12697 17813 12082 7650 10725 7862 11806 11370 15500 13537 9874
12121 7305 8314 5218 12935 3698 8681 5729 11433 2228 12126 8915 6584 12265 9517 11714 8731 11074 0 10026 16648 10887 9115 6679 11616 7882 8646 4197 14867 6782 583 6781 8528 3273
13864 8941 5645 11377 10513 7943 15300 10686 9090 9395 14497 10722 8348 10473 5185 9961 15600 4780 10026 0 11943 8657 15500 9618 15051 8994 6350 8410 10125 8548 10355 14749 10159 8785
18219 14250 9074 16675 9847 17099 20422 16109 10531 16919 18974 15500 13561 13325 8481 14511 20919 9715 16648 11943 0 7141 20249 14670 19732 14049 9367 13821 2396 13834 16284 19319 15540 16266
13347 8531 3330 11138 3142 13288 15172 10346 4098 12024 13980 10304 7816 6798 4533 8197 15600 8991 10887 8657 7141 0 15300 8956 14738 8377 3616 8058 5390 8008 10516 14335 9785 10545
4624 7744 12733 5782 16951 11448 3102 6224 15500 9416 4042 5469 8629 15400 13936 14917 4635 17600 9115 15500 20249 15300 0 7013 3532 10334 13130 8145 18430 9234 8773 3279 9183 9338
6514 3076 6366 3046 10987 9030 6415 2155 9485 7709 7123 2599 2845 9571 7569 9052 7095 12697 6679 9618 14670 8956 7013 0 7881 4492 6715 2872 12919 3385 6315 5578 4467 6287
1513 7136 12171 8283 16051 13867 5534 8404 15151 11917 909 5878 8067 14959 13402 14355 7054 17813 11616 15051 19732 14738 3532 7881 0 9746 12497 10364 17913 8666 11274 5698 7371 11809
8377 3558 5739 7269 8875 10278 10676 6411 6073 8906 8991 5370 2095 5762 6929 5133 11327 12082 7882 8994 14049 8377 10334 4492 9746 0 5661 5109 12280 1610 7512 9831 4801 7524
11106 6297 1003 8908 5684 11047 12931 8105 3538 9783 11739 8063 5575 5557 2206 5951 13611 7650 8646 6350 9367 3616 13130 6715 12497 5661 0 5817 7616 5767 8311 12094 7551 8304
9221 4439 5507 3366 10111 6514 7524 2303 8604 5227 9869 5439 3778 9444 6722 8885 8117 10725 4197 8410 13821 8058 8145 2872 10364 5109 5817 0 12060 4023 3833 6601 5699 3815
16400 12499 7271 14950 8066 15600 18603 14336 8780 15100 17155 14322 11798 11574 6331 12760 19100 7862 14867 10125 2396 5390 18430 12919 17913 12280 7616 12060 0 12083 14503 17500 13759 14485
7303 2466 5530 6169 9939 9178 9570 5310 7118 7806 7908 4270 977 6716 6681 6197 10250 11806 6782 8548 13834 8008 9234 3385 8666 1610 5767 4023 12083 0 6412 8733 3682 6424
11751 6935 7950 4847 12571 3994 8339 5365 11062 1879 11784 8545 6220 11901 9153 11382 8389 11370 583 10355 16284 10516 8773 6315 11274 7512 8311 3833 14503 6412 0 6430 8189 2909
6884 8434 11811 4396 15551 9288 2779 4848 14881 7186 6284 7390 8207 14933 12999 14379 2687 15500 6781 14749 19319 14335 3279 5578 5698 9831 12094 6601 17500 8733 6430 0 9815 7832
5980 2167 7206 7310 11827 10929 10652 6392 10316 9590 6613 4116 2999 9903 8409 9384 11332 13537 8528 10159 15540 9785 9183 4467 7371 4801 7551 5699 13759 3682 8189 9815 0 8186
11763 6926 7932 4732 12553 3187 8687 5025 11091 4303 12319 8496 6202 11883 9135 11364 9367 9874 3273 8785 16266 10545 9338 6287 11809 7524 8304 3815 14485 6424 2909 7832 8186 0