NUM_EXCHANGE 3
NUM_DOCS 50
MAX_TRANSFER_TIME 24000
MAX_TIME 48000
DRIVING_TIMES
0 9590 5883 13210 4665 13349 9826 6648 566 9369 5655 2716 13678 5630 4628 9405 6763 1861 6665 6737 10205 5258 10759 6794 8686 5044 7318 12097 8850 7901 13700 2137 11459 1341 9951 9658 13622 2446 10156 3253 4090 6549 10788 13628 11790 8921 13489 5861 7615 9219 3372 9488 12585 2073
9590 0 6984 12404 6682 12691 13414 13718 10156 8610 6995 7291 7411 6193 9691 8770 4072 11322 4027 6118 9853 9190 5741 7769 15500 7331 8558 12373 9494 8915 7433 11074 10808 9984 735 9007 11312 10638 9505 8914 8695 6888 10055 12929 11198 8063 12636 11279 8119 3125 6846 10018 11821 11480
5883 6984 0 7981 6154 8111 12575 11227 6449 4140 448 4938 9932 2461 8821 4180 4184 6445 4123 1508 5273 8251 6928 2563 13265 6325 3361 7863 4404 3923 9201 5821 6230 7072 7345 4429 8398 4862 4927 6895 7958 1755 5590 8373 6561 3891 8260 10579 3029 6677 4768 4928 7356 6686
13210 12404 7981 0 13327 795 18655 15612 13505 4537 7992 11882 12209 8265 15355 5999 9654 12933 9543 6954 6783 14955 9993 7571 17855 13307 8131 8009 8500 8853 10659 12309 3387 14230 12848 5017 7250 11350 5580 13839 14902 8003 3999 681 4521 6724 788 16961 6842 12097 11676 7521 1204 13137
4665 6682 6154 13327 0 13204 7857 8182 5231 9530 5715 2366 13107 5781 4090 9283 5446 6237 5557 7019 10253 3707 10103 7168 10220 1053 7583 12362 8967 7966 13129 6224 11729 5047 7046 9928 13892 5933 10426 3243 3227 6835 10978 13466 11783 8896 13438 5722 7980 7854 2532 9522 12744 5826
13349 12691 8111 795 13204 0 19203 16160 13835 4824 8114 12169 12509 8552 15903 6173 9928 13042 9830 7279 6912 15482 10255 7858 18403 13594 8418 8020 8593 8980 10965 12503 3710 14510 13052 5304 7462 11469 5867 14126 15189 8095 4286 510 4609 7011 618 17509 7049 12384 11999 7675 1506 13313
9826 13414 12575 18655 7857 19203 0 12349 9987 15000 12246 8587 19188 12256 7349 15200 12008 10263 11920 13289 16300 6625 15500 13438 14387 8209 13983 18281 14600 14523 19210 10623 17200 9083 13775 15600 19434 11594 16257 7257 7394 13192 16600 19188 17700 15189 19148 5168 14259 14474 8627 15331 18400 9993
6648 13718 11227 15612 8182 16160 12349 0 6311 12545 11012 8932 18909 11870 6323 12636 12391 5820 12346 11851 13205 7236 15500 10070 3774 8476 10418 15103 11919 10813 17285 6155 14820 5853 14095 13019 16968 7054 13451 6979 5803 10498 13990 16145 15133 12624 16105 7684 10665 14834 9069 12474 15500 5506
566 10156 6449 13505 5231 13835 9987 6311 0 9573 6221 3282 14244 6196 4291 9845 7293 1724 7231 7303 10383 4833 11247 7203 8349 5610 7352 12131 9074 8033 14266 2211 11754 916 10513 9953 14062 2498 10451 2829 3665 7115 11018 14006 12230 9487 13599 5517 7773 9747 3938 9652 12976 1770
9369 8610 4140 4537 9530 4824 15000 12545 9573 0 4151 8316 8688 4596 11971 2158 5860 9092 5749 3219 2624 11533 6185 3920 14583 9616 4337 4423 4641 5012 7064 8468 3097 10438 9030 882 5054 7509 1464 10225 11108 4162 2072 5062 3331 3014 4769 13919 3001 8303 7918 3420 3954 9296
5655 6995 448 7992 5715 8114 12246 11012 6221 4151 0 4680 9935 2323 8563 4187 4232 6209 4134 1519 5322 7993 6970 2563 13050 6105 3394 7874 4477 3956 9204 5609 6241 6814 7356 4440 8404 4636 4938 6637 7700 1783 5601 8483 6572 3902 8271 10231 3096 6688 4510 4938 7367 6474
2716 7291 4938 11882 2366 12169 8587 8932 3282 8316 4680 0 12072 4576 4905 8248 4416 4448 4366 5596 9218 4356 9068 5839 10970 2738 6429 11216 7932 6826 12094 4547 10412 3110 7625 8611 12456 4834 8994 2936 4042 5555 9533 12407 10676 7541 12342 6594 6678 6859 1073 8487 11299 4789
13678 7411 9932 12209 13107 12509 19188 18909 14244 8688 9935 12072 0 9082 15997 7293 8358 14900 8359 9048 10061 15385 3982 10450 21109 13497 11010 12611 11185 11572 2297 14640 10532 14752 7656 8916 6372 13814 9479 14029 15092 9715 9615 12734 9845 6899 12488 17752 9570 5931 11902 10251 11584 15290
5630 6193 2461 8265 5781 8552 12256 11870 6196 4596 2323 4576 9082 0 8459 4631 3392 6877 3332 1979 5714 8021 6078 3656 13908 5996 4270 8313 5355 4776 9104 6253 6711 6799 6535 4910 8839 5294 5377 6533 7596 2701 5974 8790 7042 3867 8622 10299 3972 5835 4406 5879 7682 7081
4628 9691 8821 15355 4090 15903 7349 6323 4291 11971 8563 4905 15997 8459 0 12131 8299 4399 8254 9479 13101 2403 12951 9722 8343 4384 10333 14999 11815 10709 16019 4734 14198 3833 10003 12339 16387 5681 12818 3128 1717 9438 13416 15888 14559 11424 15848 2643 10561 10742 4932 12370 15182 4085
9405 8770 4180 5999 9283 6173 15200 12636 9845 2158 4187 8248 7293 4631 12131 0 5927 9052 5909 3358 3280 11561 4720 3868 14674 9656 4428 5832 4667 4990 5669 8508 4248 10596 9070 2435 5771 7479 2896 10205 11268 4105 3599 6435 4579 1476 6278 13799 3041 8455 8078 3349 5374 9323
6763 4072 4184 9654 5446 9928 12008 12391 7293 5860 4232 4416 8358 3392 8299 5927 0 8383 111 3300 7058 7729 6194 4922 14429 5771 5536 9610 6711 6098 8380 8192 7977 7114 4415 6176 10140 7520 6674 6373 7436 3967 7305 10179 8308 5200 9886 9967 5238 2553 3949 7235 9071 8773
1861 11322 6445 12933 6237 13042 10263 5820 1724 9092 6209 4448 14900 6877 4399 9052 8383 0 8387 7216 9671 5206 11896 6486 7858 6589 6780 11567 8335 7334 14010 758 11182 2071 11631 9381 13345 1705 9879 3984 3879 6693 10542 13304 11513 8924 13212 5598 7056 10865 5104 8890 12308 595
6665 4027 4123 9543 5557 9830 11920 12346 7231 5749 4134 4366 8359 3332 8254 5909 111 8387 0 3257 6992 7696 6244 4908 14384 5660 5491 9512 6633 6054 8381 8134 7932 7059 4304 6131 10117 7474 6629 6269 7391 4027 7194 10068 8337 5202 9775 9963 5258 2554 3904 7157 8960 8738
6737 6118 1508 6954 7019 7279 13289 11851 7303 3219 1519 5596 9048 1979 9479 3358 3300 7216 3257 0 4441 9041 5745 2823 13889 7021 3643 6942 4735 4118 8284 6592 5309 7881 6443 3508 7566 5633 4006 7553 8616 1829 4669 7479 5786 2812 7339 11332 3235 5811 5426 4826 6409 7430
10205 9853 5273 6783 10253 6912 16300 13205 10383 2624 5322 9218 10061 5714 13101 3280 7058 9671 6992 4441 0 12531 7356 4930 15243 10614 3555 3011 2832 3815 8437 9047 4976 11189 10214 1790 7205 8063 1354 11175 12238 5167 3943 7174 5363 4173 7039 14837 4084 9546 9048 2119 6117 9892
5258 9190 8251 14955 3707 15482 6625 7236 4833 11533 7993 4356 15385 8021 2403 11561 7729 5206 7696 9041 12531 0 12381 9214 9250 4001 9759 14546 11245 10244 15407 5541 13742 3917 9551 11941 15769 6488 12439 2905 2246 8868 12904 15488 14061 10965 15448 4283 9991 10250 4403 11800 14744 4880
10759 5741 6928 9993 10103 10255 15500 15500 11247 6185 6970 9068 3982 6078 12951 4720 6194 11896 6244 5745 7356 12381 0 7027 17700 10493 7587 9908 7735 8149 3758 11600 8275 11748 5986 6474 7092 10638 6972 11025 12088 6711 7635 10517 8606 3381 10261 14619 6138 4261 8898 7668 9401 12286
6794 7769 2563 7571 7168 7858 13438 10070 7203 3920 2563 5839 10450 3656 9722 3868 4922 6486 4908 2823 4930 9214 7027 0 12108 7178 2345 7122 2983 2826 8826 5862 6010 7998 8065 4209 8145 4903 4683 7796 8859 1113 5280 8096 6365 3856 8040 11481 1458 7365 5669 3507 6988 6690
8686 15500 13265 17855 10220 18403 14387 3774 8349 14583 13050 10970 21109 13908 8343 14674 14429 7858 14384 13889 15243 9250 17700 12108 0 10514 12509 16981 13957 12851 19485 8193 16400 7891 15817 14950 18534 9092 15489 9017 7904 12536 15800 18388 16900 14662 18348 9722 12703 16172 11107 14512 17600 7544
5044 7331 6325 13307 1053 13594 8209 8476 5610 9616 6105 2738 13497 5996 4384 9656 5771 6589 5660 7021 10614 4001 10493 7178 10514 0 7723 12510 9300 8251 13519 6614 11706 4954 7695 9905 13869 6323 10403 3537 3521 6933 10958 13832 12037 8929 13735 6074 7999 7997 2549 9883 12724 6120
7318 8558 3361 8131 7583 8418 13983 10418 7352 4337 3394 6429 11010 4270 10333 4428 5536 6780 5491 3643 3555 9759 7587 2345 12509 7723 0 5453 2269 1454 9386 6156 6761 8217 8679 4603 8705 5197 4106 8332 9442 2722 5782 8656 6925 4416 8363 11946 2457 7979 6315 2824 7548 6984
12097 12373 7863 8009 12362 8020 18281 15103 12131 4423 7874 11216 12611 8313 14999 5832 9610 11567 9512 6942 3011 14546 9908 7122 16981 12510 5453 0 4753 5782 10987 10943 6093 12996 12753 3789 8855 9984 3292 13119 14136 7343 5093 8492 6878 6737 8137 16506 5901 12053 10946 4281 7644 11771
8850 9494 4404 8500 8967 8593 14600 11919 9074 4641 4477 7932 11185 5355 11815 4667 6711 8335 6633 4735 2832 11245 7735 2983 13957 9300 2269 4753 0 2672 9561 7733 6749 9895 9855 3807 8912 6762 3310 9889 10952 3204 5840 8962 7080 4491 8779 13483 1866 9187 7762 1674 7875 8598
7901 8915 3923 8853 7966 8980 14523 10813 8033 5012 3956 6826 11572 4776 10709 4990 6098 7334 6054 4118 3815 10244 8149 2826 12851 8251 1454 5782 2672 0 9948 6718 7102 8797 9241 4836 9267 5759 4339 8783 9846 3284 6402 9242 7487 4844 9087 12482 3019 8608 6656 3199 8110 7546
13700 7433 9201 10659 13129 10965 19210 17285 14266 7064 9204 12094 2297 9104 16019 5669 8380 14010 8381 8284 8437 15407 3758 8826 19485 13519 9386 10987 9561 9948 0 13426 8908 14774 7678 7292 4789 12437 7855 14051 15114 9063 7991 11184 8221 5632 10938 17774 7959 5953 11924 8627 10034 14281
2137 11074 5821 12309 6224 12503 10623 6155 2211 8468 5609 4547 14640 6253 4734 8508 8192 758 8134 6592 9047 5541 11600 5862 8193 6614 6156 10943 7733 6718 13426 0 10558 2672 11512 8757 12721 1139 9255 4585 4214 6069 9918 12765 10889 8300 12588 6105 6432 10635 4942 8316 11684 1029
11459 10808 6230 3387 11729 3710 17200 14820 11754 3097 6241 10412 10532 6711 14198 4248 7977 11182 7932 5309 4976 13742 8275 6010 16400 11706 6761 6093 6749 7102 8908 10558 0 12619 11120 3395 5373 9599 3975 12315 13425 6252 1892 3948 1647 5104 3655 15800 5091 10420 10131 5770 2766 11386
1341 9984 7072 14230 5047 14510 9083 5853 916 10438 6814 3110 14752 6799 3833 10596 7114 2071 7059 7881 11189 3917 11748 7998 7891 4954 8217 12996 9895 8797 14774 2672 12619 0 10323 10818 14803 3273 11316 1913 2749 7714 11881 14755 12961 10126 14464 4877 8594 9557 3766 10458 13647 2004
9951 735 7345 12848 7046 13052 13775 14095 10513 9030 7356 7625 7656 6535 10003 9070 4415 11631 4304 6443 10214 9551 5986 8065 15817 7695 8679 12753 9855 9241 7678 11512 11120 10323 0 9319 11557 10999 9817 9156 9140 7249 10474 13314 11451 8343 13148 11640 8480 3401 7158 10379 12246 11739
9658 9007 4429 5017 9928 5304 15600 13019 9953 882 4440 8611 8916 4910 12339 2435 6176 9381 6131 3508 1790 11941 6474 4209 14950 9905 4603 3789 3807 4836 7292 8757 3395 10818 9319 0 5591 7798 657 10514 11624 4451 2668 5542 3811 3303 5249 14208 3290 8619 8286 2586 4434 9585
13622 11312 8398 7250 13892 7462 19434 16968 14062 5054 8404 12456 6372 8839 16387 5771 10140 13345 10117 7566 7205 15769 7092 8145 18534 13869 8705 8855 8912 9267 4789 12721 5373 14803 11557 5591 0 11762 6154 14413 15524 8382 4958 7724 3980 6407 7529 17934 7264 9832 12286 7943 6602 13559
2446 10638 4862 11350 5933 11469 11594 7054 2498 7509 4636 4834 13814 5294 5681 7479 7520 1705 7474 5633 8063 6488 10638 4903 9092 6323 5197 9984 6762 5759 12437 1139 9599 3273 10999 7798 11762 0 8296 5185 5161 5110 8959 11731 9930 7341 11629 6929 5473 10018 4728 7317 10725 1976
10156 9505 4927 5580 10426 5867 16257 13451 10451 1464 4938 8994 9479 5377 12818 2896 6674 9879 6629 4006 1354 12439 6972 4683 15489 10403 4106 3292 3310 4339 7855 9255 3975 11316 9817 657 6154 8296 0 10951 12014 4949 3030 6105 4374 3801 5812 14635 3788 9117 8765 2448 4997 10083
3253 8914 6895 13839 3243 14126 7257 6979 2829 10225 6637 2936 14029 6533 3128 10205 6373 3984 6269 7553 11175 2905 11025 7796 9017 3537 8332 13119 9889 8783 14051 4585 12315 1913 9156 10514 14413 5185 10951 0 2010 7512 11548 14364 12633 9498 14345 4840 8635 8816 2976 10444 13256 3917
4090 8695 7958 14902 3227 15189 7394 5803 3665 11108 7700 4042 15092 7596 1717 11268 7436 3879 7391 8616 12238 2246 12088 8859 7904 3521 9442 14136 10952 9846 15114 4214 13425 2749 9140 11624 15524 5161 12014 2010 0 8575 12553 14800 13696 10561 15134 3364 9698 9879 4086 11507 14319 3565
6549 6888 1755 8003 6835 8095 13192 10498 7115 4162 1783 5555 9715 2701 9438 4105 3967 6693 4027 1829 5167 8868 6711 1113 12536 6933 2722 7343 3204 3284 9063 6069 6252 7714 7249 4451 8382 5110 4949 7512 8575 0 5596 8357 6583 3665 8282 11196 1679 6495 5385 3728 7378 6934
10788 10055 5590 3999 10978 4286 16600 13990 11018 2072 5601 9533 9615 5974 13416 3599 7305 10542 7194 4669 3943 12904 7635 5280 15800 10958 5782 5093 5840 6402 7991 9918 1892 11881 10474 2668 4958 8959 3030 11548 12553 5596 0 4524 2450 4433 4451 15232 4451 9748 9363 5097 3416 10735
13628 12929 8373 681 13466 510 19188 16145 14006 5062 8483 12407 12734 8790 15888 6435 10179 13304 10068 7479 7174 15488 10517 8096 18388 13832 8656 8492 8962 9242 11184 12765 3948 14755 13314 5542 7724 11731 6105 14364 14800 8357 4524 0 4871 7249 552 17494 7311 12622 12237 7937 1727 13575
11790 11198 6561 4521 11783 4609 17700 15133 12230 3331 6572 10676 9845 7042 14559 4579 8308 11513 8337 5786 5363 14061 8606 6365 16900 12037 6925 6878 7080 7487 8221 10889 1647 12961 11451 3811 3980 9930 4374 12633 13696 6583 2450 4871 0 5518 4800 16200 5422 10836 10506 6101 3642 11717
8921 8063 3891 6724 8896 7011 15189 12624 9487 3014 3902 7541 6899 3867 11424 1476 5200 8924 5202 2812 4173 10965 3381 3856 14662 8929 4416 6737 4491 4844 5632 8300 5104 10126 8343 3303 6407 7341 3801 9498 10561 3665 4433 7249 5518 0 7134 13232 2833 7046 7371 4424 6141 9128
13489 12636 8260 788 13438 618 19148 16105 13599 4769 8271 12342 12488 8622 15848 6278 9886 13212 9775 7339 7039 15448 10261 8040 18348 13735 8363 8137 8779 9087 10938 12588 3655 14464 13148 5249 7529 11629 5812 14345 15134 8282 4451 552 4800 7134 0 17454 7121 12329 11944 7800 1486 13416
5861 11279 10579 16961 5722 17509 5168 7684 5517 13919 10231 6594 17752 10299 2643 13799 9967 5598 9963 11332 14837 4283 14619 11481 9722 6074 11946 16506 13483 12482 17774 6105 15800 4877 11640 14208 17934 6929 14635 4840 3364 11196 15232 17494 16200 13232 17454 0 12222 12517 6670 14038 16706 5328
7615 8119 3029 6842 7980 7049 14259 10665 7773 3001 3096 6678 9570 3972 10561 3041 5238 7056 5258 3235 4084 9991 6138 1458 12703 7999 2457 5901 1866 3019 7959 6432 5091 8594 8480 3290 7264 5473 3788 8635 9698 1679 4451 7311 5422 2833 7121 12222 0 7791 6508 2390 6217 7297
9219 3125 6677 12097 7854 12384 14474 14834 9747 8303 6688 6859 5931 5835 10742 8455 2553 10865 2554 5811 9546 10250 4261 7365 16172 7997 7979 12053 9187 8608 5953 10635 10420 9557 3401 8619 9832 10018 9117 8816 9879 6495 9748 12622 10836 7046 12329 12517 7791 0 6392 9711 11514 11216
3372 6846 4768 11676 2532 11999 8627 9069 3938 7918 4510 1073 11902 4406 4932 8078 3949 5104 3904 5426 9048 4403 8898 5669 11107 2549 6315 10946 7762 6656 11924 4942 10131 3766 7158 8286 12286 4728 8765 2976 4086 5385 9363 12237 10506 7371 11944 6670 6508 6392 0 8317 11129 5445
9488 10018 4928 7521 9522 7675 15331 12474 9652 3420 4938 8487 10251 5879 12370 3349 7235 8890 7157 4826 2119 11800 7668 3507 14512 9883 2824 4281 1674 3199 8627 8316 5770 10458 10379 2586 7943 7317 2448 10444 11507 3728 5097 7937 6101 4424 7800 14038 2390 9711 8317 0 6805 9161
12585 11821 7356 1204 12744 1506 18400 15500 12976 3954 7367 11299 11584 7682 15182 5374 9071 12308 8960 6409 6117 14744 9401 6988 17600 12724 7548 7644 7875 8110 10034 11684 2766 13647 12246 4434 6602 10725 4997 13256 14319 7378 3416 1727 3642 6141 1486 16706 6217 11514 11129 6805 0 12443
2073 11480 6686 13137 5826 13313 9993 5506 1770 9296 6474 4789 15290 7081 4085 9323 8773 595 8738 7430 9892 4880 12286 6690 7544 6120 6984 11771 8598 7546 14281 1029 11386 2004 11739 9585 13559 1976 10083 3917 3565 6934 10735 13575 11717 9128 13416 5328 7297 11216 5445 9161 12443 0