NUM_EXCHANGE 3
NUM_DOCS 80
MAX_TRANSFER_TIME 24000
MAX_TIME 48000
DRIVING_TIMES
0 13016 8204 2440 512 8278 10165 12666 8860 14365 10011 7677 7941 8641 8644 12384 8841 534 4266 13450 8916 4479 18835 20303 6822 15361 9850 10482 14481 7905 13627 6604 15703 12145 13504 8414 10656 13802 10443 11891 10859 14213 393 9117 9050 15249 3913 11570 14791 17509 6769 14182 6894 7875 8608 7782 13598 12383 15126 14326 10614 13524 4740 17354 13777 15903 483 1859 8380 11309 15164 15403 2477 8248 15503 7462 15903 8934 7445 15503 14039 9255 8836 15058
13016 0 5299 12083 13387 6024 3725 1103 14675 8806 4468 7502 6589 6382 4811 7425 6805 13435 12054 6274 13513 10268 7147 8944 9499 4299 4685 6675 4860 8514 8134 13900 15800 5354 8293 5859 3244 8243 5759 1694 13053 9457 12948 7656 4902 3670 10449 13083 4669 5983 8739 8598 9970 12792 5433 6512 8213 9041 9555 11349 5761 7594 15028 6367 12592 4910 12885 12431 5580 13069 3531 3700 11470 5994 3963 13303 4908 7061 7050 4211 1159 4384 14833 3345
8204 5299 0 7271 8423 3284 2410 4801 10594 7637 3291 3679 3430 4110 870 5591 4275 8623 7242 7165 8701 5456 11102 12899 4687 8361 2168 3704 8109 3628 6900 9088 11962 5439 6711 768 2594 7074 3723 4096 8972 7686 8136 3575 903 7582 5637 9002 7922 10116 3927 7429 5893 8721 440 3275 6805 5854 8406 8458 5275 6804 10216 10557 8444 8936 8073 7619 1499 8988 7486 7833 6606 3643 7884 8491 8934 4410 3155 8083 6312 1451 10002 7391
2440 12083 7271 0 2708 7345 9232 11649 6712 13421 9078 6744 7008 7708 7756 11451 7915 2937 2301 12517 7974 3546 17621 18900 5832 14427 8917 9549 13548 6972 12694 4456 13832 11212 12571 7481 9723 12858 9510 10958 9377 13191 2244 8180 8117 14316 2980 9307 13857 16206 5662 13249 5961 8075 7675 6849 12665 11450 14193 13300 9681 12591 4417 16051 12564 14600 2346 1397 7341 9393 14286 14672 1123 7272 14618 5781 14600 8008 6512 14883 13106 8322 6688 14125
512 13387 8423 2708 0 8649 10536 12943 9202 14723 10230 7896 8160 9012 9015 12603 9201 1046 4603 13669 9242 4845 18890 20269 7134 15673 10069 10701 14847 8124 13986 6827 15669 12516 13723 8633 10890 14160 10662 12246 11078 14438 674 9423 9269 15210 4253 11766 15103 17475 6964 14515 7257 8374 8827 8001 13817 12602 15100 14543 10985 13743 4579 17320 13963 15869 764 1987 8599 11528 15535 15369 2796 8574 15469 7756 15869 9160 7664 15469 14291 9626 9055 14949
8278 6024 3284 7345 8649 0 5179 5526 11344 9310 5091 2351 1381 1553 3645 7349 1718 8697 7316 6452 8678 5534 11827 13624 4639 8350 4888 5525 7507 5096 8573 9162 13693 7112 8469 3494 4171 8747 5447 4821 10026 9390 8159 5306 4009 8277 5711 10733 7780 10841 3879 9102 4762 7590 3688 1347 8563 7585 10081 10189 3640 8604 10290 11282 10242 9708 8147 7693 3230 10326 8211 8558 6738 1086 8643 8565 9706 1853 1859 8808 7037 3533 10101 8076
10165 3725 2410 9232 10536 5179 0 3243 11824 7469 3086 5640 5391 6067 1960 5032 6236 10584 9203 6697 10662 7565 9475 11298 6648 6805 1228 3841 7258 5657 6422 11049 13192 5271 6152 3178 1980 6906 3091 2469 10202 7092 10097 4913 2277 5957 7598 10232 7155 8489 5888 7256 7854 10682 2544 5258 6246 6077 8200 8692 5465 6598 12234 8930 9741 7398 10034 9580 2729 10218 5859 6206 8613 5593 6291 10452 7396 6371 5004 6456 4748 2667 11976 5766
12666 1103 4801 11649 12943 5526 3243 0 14235 8550 4076 7004 6105 5895 4365 6825 6316 13069 11568 6117 13027 9924 8147 9944 9030 5299 4187 5937 5797 8016 7812 13452 15223 5426 7934 5361 2746 7987 5021 1285 12685 8841 12487 7272 4561 4670 9964 12639 5620 6967 8329 8366 9507 12294 4935 6014 7891 8303 9311 10690 5249 7465 14593 6764 12027 5910 12589 11982 5136 12701 4531 4700 10972 5367 4963 12857 5908 6548 6552 5211 2126 3913 14335 4345
8860 14675 10594 6712 9202 11344 11824 14235 0 9541 10708 10743 11007 11707 10342 7687 11901 9279 5674 16066 3970 7607 20494 22000 7728 17600 11509 9288 17097 8028 8430 2583 7669 10343 8150 10975 12315 8978 9935 13530 3184 7758 8738 7607 10985 16810 5958 3016 17230 19306 8725 9490 9941 12225 10789 10848 8602 7124 10434 7976 13684 9708 9329 16400 6358 17700 8729 7817 9323 3189 16878 17033 7523 11229 17222 3146 17700 11996 10511 17296 15500 11818 2106 16400
14365 8806 7637 13421 14723 9310 7469 8550 9541 0 4498 9791 9548 10248 6820 3641 10448 14862 13340 13362 9475 11696 14586 16009 10511 11678 7332 5525 12166 8331 1536 11672 10456 3598 1959 7960 8878 1009 4938 8542 8007 3817 14259 7216 7853 11052 11736 8037 11989 13336 9858 296 12149 14888 7832 9389 1876 4638 1108 5923 12058 2245 16370 10506 7260 12339 14347 13754 6929 8050 10967 11139 12744 9804 11354 11808 12339 10541 9135 11638 9818 8628 10530 10743
10011 4468 3291 9078 10230 5091 3086 4076 10708 4498 0 5486 5204 5917 2466 3162 6082 10430 9049 8936 10508 7263 11142 12939 6494 8472 3192 2884 8961 5444 3761 10884 11734 2750 3924 3616 4495 3935 1842 4136 9086 5168 9915 4651 3355 7660 7444 9116 8842 10156 5734 4290 7700 10528 3488 5082 3865 5129 5260 7071 7771 4072 12023 9914 8358 9066 9880 9426 2575 9102 7526 7873 8413 5450 7958 10298 9064 6217 4927 8123 5543 4241 11624 7469
7677 7502 3679 6744 7896 2351 5640 7004 10743 9791 5486 0 1662 2675 4126 7745 2840 8096 6715 7451 8077 4929 13305 15102 4038 9307 5325 5888 8481 4459 9054 8561 13755 7593 8865 3889 5649 9228 5918 6299 9399 9840 7609 5737 4490 9805 5110 10449 8737 12239 3278 9583 3805 6594 4083 1443 8959 8066 10553 10670 4663 8999 9689 12760 10422 11196 7546 7092 3711 9675 9689 10036 6079 2208 10121 7964 11194 2975 1195 10085 8515 4749 9463 9614
7941 6589 3430 7008 8160 1381 5391 6105 11007 9548 5204 1662 0 1741 3883 7502 1803 8360 6979 6517 8341 5193 12406 14203 4302 8373 5076 5645 7547 4736 8811 8825 13931 7350 8622 3636 4750 8985 5665 5400 9676 9597 7873 5544 4247 8822 5374 10713 7803 11305 3542 9340 3589 6368 3830 219 8716 7823 10310 10427 3729 8746 9953 11820 10413 10248 7810 7356 3468 9952 8790 9137 6343 1251 9222 8228 10246 1926 1072 9151 7612 4389 9745 8631
8641 6382 4110 7708 9012 1553 6067 5895 11707 10248 5917 2675 1741 0 4583 8287 567 9060 7679 5148 9041 5897 12196 13993 5002 7062 5756 6388 6236 5420 9511 9525 14631 8050 9407 4320 4588 9685 6349 5190 10360 10297 8573 6244 4947 8625 6074 11413 6492 9994 4242 10040 5125 7953 4514 1699 9501 8523 11019 11127 2418 9430 10653 11646 11180 9455 8510 8056 4168 10650 8580 8927 7062 923 9012 8928 9453 1236 2223 7840 7406 4331 10425 8134
8644 4811 870 7756 9015 3645 1960 4365 10342 6820 2466 4126 3883 4583 0 4839 4757 9141 7675 7205 9134 6031 10578 12437 5137 7960 1638 2881 8159 4123 6082 9559 11664 4600 5959 1638 2350 6257 2898 3686 8664 6891 8576 3379 1070 7044 6071 8711 7972 9515 4367 6637 6484 9167 1065 3724 6053 5470 7581 8123 5609 5979 10700 10042 8270 8481 8696 8089 1208 8697 7014 7400 7079 4190 7346 8964 8481 4850 3470 7611 5834 1826 10442 6853
12384 7425 5591 11451 12603 7349 5032 6825 7687 3641 3162 7745 7502 8287 4839 0 8455 12803 11404 11250 7521 9636 13503 15300 8557 10833 4768 2267 11322 6390 2478 9702 8720 4374 2091 5914 6555 3078 2374 6497 6065 2097 12213 4951 5728 9949 9800 6095 11183 12517 7842 3433 10073 12849 5786 7343 2302 2608 4423 4050 10061 3666 14396 11301 5337 11380 12253 11799 4878 6081 9887 10234 10783 7823 10319 9832 11378 8502 7089 10484 8473 6614 8621 9748
8841 6805 4275 7915 9201 1718 6236 6316 11901 10448 6082 2840 1803 567 4757 8455 0 9267 7865 5538 9233 6159 12617 14416 5192 7424 5921 6553 6569 5585 9718 9707 14819 8257 9575 4485 5011 9885 6514 5611 10525 10515 8742 6451 5121 9038 6261 11599 6854 10356 4442 10253 5318 8124 4679 1744 9669 8723 11197 11338 2780 9595 10848 12063 11379 9832 8717 8263 4368 10815 9001 9350 7227 1192 9433 9122 9830 1042 2388 8202 7828 4600 10590 8524
534 13435 8623 2937 1046 8697 10584 13069 9279 14862 10430 8096 8360 9060 9141 12803 9267 0 4763 13869 9335 4898 19121 20400 7257 15432 10269 10901 14900 8324 14124 7023 16000 12567 13923 8833 11075 14299 10862 12388 11278 14632 812 9536 9469 15210 4410 12005 14700 17706 7203 14601 7313 7658 9027 8201 14017 12802 15100 14745 11111 13943 5159 17551 14196 16100 902 2356 8799 11728 15638 15433 2896 8745 15622 7881 16100 9360 7864 15700 14458 9674 9255 14800
4266 12054 7242 2301 4603 7316 9203 11568 5674 13340 9049 6715 6979 7679 7675 11404 7865 4763 0 12488 6292 3441 17873 19327 5751 14346 8888 9520 13519 6943 12665 3418 12794 11183 12513 7452 9694 12777 9477 10929 8124 12817 4139 8155 8088 14287 1658 8277 13776 16827 5581 13220 5856 8003 7646 6820 12593 11390 14164 12925 9652 12562 5816 16478 11228 15600 4241 3098 7260 8112 14253 14643 1969 7191 14589 3598 15600 7958 6483 14850 13077 8293 5326 14096
13450 6274 7165 12517 13669 6452 6697 6117 16066 13362 8936 7451 6517 5148 7205 11250 5538 13869 12488 0 13802 10702 9255 11052 9761 2629 6946 9739 1747 10196 12625 14318 18038 10859 12370 7498 4956 12799 9338 5005 15126 13340 13343 10061 6677 4878 10883 15497 2059 5561 9051 13154 9934 12704 7200 6475 12464 12291 14124 14944 3238 12386 15459 8710 14930 5037 13319 12865 7985 15380 5639 4583 11838 5732 5279 13723 5035 5952 6872 3407 5784 6050 15201 3705
8916 13513 8701 7974 9242 8678 10662 13027 3970 9475 10508 8077 8341 9041 9134 7521 9233 9335 6292 13802 0 5938 19332 20720 4475 15658 10347 9122 14833 5569 8364 4785 8264 10277 8084 8911 11153 8912 9769 12322 2471 7663 8778 6687 9547 15746 5748 3676 15088 18346 5485 9324 7406 10051 9105 8182 8523 6958 10268 7810 11014 9542 10884 16140 6205 16840 8785 8307 8719 2921 15695 16102 7263 8559 16082 3449 16840 9326 7845 16265 14536 9757 2607 15589
4479 10268 5456 3546 4845 5534 7565 9924 7607 11696 7263 4929 5193 5897 6031 9636 6159 4898 3441 10702 5938 0 16281 17693 3960 12646 7102 7734 11737 5157 10959 5418 13426 9498 10756 5666 7908 11133 7695 9219 7855 11410 4381 6373 6302 12511 1836 9087 12076 15066 3937 11438 2759 4965 5860 5034 10850 9635 12378 11524 8002 10776 6491 15532 10773 13942 4348 3894 5616 8305 12609 12857 2866 5547 12923 4828 13940 6193 4697 13206 11324 6654 6547 12310
18835 7147 11102 17621 18890 11827 9475 8147 20494 14586 11142 13305 12406 12196 10578 13503 12617 19121 17873 9255 19332 16281 0 3278 15318 7161 10488 12478 7784 14317 13955 19719 21829 12084 14497 11662 9047 14023 11562 7254 18872 15598 18637 13573 10862 5075 16268 18902 7531 4247 14506 14290 15789 18021 11236 12315 14201 14844 15234 17427 11528 13276 20950 7667 18166 5006 18704 18250 11347 18888 4280 5835 17329 11722 4747 19122 5004 12828 12853 7073 6611 10203 20692 6207
20303 8944 12899 18900 20269 13624 11298 9944 22000 16009 12939 15102 14203 13993 12437 15300 14416 20400 19327 11052 20720 17693 3278 0 16700 9020 12285 14275 9581 16000 15800 21031 23208 13918 15800 13459 10844 15000 13359 9053 20422 17200 20016 15282 12528 6872 18102 20452 9390 6960 16392 15725 17400 19400 13033 14112 15800 16570 16600 19000 13384 15073 22726 9497 19545 6850 20118 20084 13206 20438 6071 7500 18900 13502 6581 20434 6848 14683 14650 8932 8434 12010 21973 8024
6822 9499 4687 5832 7134 4639 6648 9030 7728 10511 6494 4038 4302 5002 5137 8557 5192 7257 5751 9761 4475 3960 15318 16700 0 11617 6333 6551 10792 2664 9400 7211 10232 8610 9120 4897 7139 9948 6926 8325 5435 8700 6670 3876 5533 11732 4147 6481 11047 14293 1444 10360 4366 7162 5091 4143 9559 7142 11304 8846 6973 10007 8776 14730 7241 13173 6707 6165 4722 5725 11702 12088 5155 4518 12134 5448 13171 5285 3806 12299 10522 5760 6270 11541
15361 4299 8361 14427 15673 8350 6805 5299 17600 11678 8472 9307 8373 7062 7960 10833 7424 15432 14346 2629 15658 12646 7161 9020 11617 0 7818 9808 1158 11647 11107 16174 18878 9236 11505 8800 6180 11115 8892 4549 16202 12846 15209 10903 7907 2771 12742 16232 981 3512 10962 11442 11810 14597 8450 8331 11353 12174 12386 14695 5102 10428 17315 6625 15300 2935 15230 14760 8626 16200 3542 2588 13694 7610 3177 15579 2935 7808 8855 1381 3763 7352 17057 1618
9850 4685 2168 8917 10069 4888 1228 4187 11509 7332 3192 5325 5076 5756 1638 4768 5921 10269 8888 6946 10347 7102 10488 12285 6333 7818 0 3472 7983 5355 6158 10734 12877 5309 5888 2841 2200 6769 2819 3482 9887 6820 9717 4490 2130 6995 7283 9917 7796 9502 5573 7124 7539 10353 2252 4952 5982 5805 8156 8491 5733 6616 11862 9943 9359 8252 9719 9265 2414 9903 6872 7194 8252 5289 7297 10137 8250 6056 4713 7469 5698 2838 11685 6804
10482 6675 3704 9549 10701 5525 3841 5937 9288 5525 2884 5888 5645 6388 2881 2267 6553 10901 9520 9739 9122 7734 12478 14275 6551 9808 3472 0 10289 4596 4351 11303 10236 4981 4081 4057 4937 4962 1959 5472 7666 4364 10356 3135 3770 8988 7915 7696 10178 11459 5846 5317 8171 10985 3899 5560 4175 2943 6276 5566 8242 5550 12494 11933 6853 10419 10351 9897 2669 7682 8862 9209 8884 5921 9290 10769 10417 6688 5350 9459 7688 4656 10222 8797
14481 4860 8109 13548 14847 7507 7258 5797 17097 12166 8961 8481 7547 6236 8159 11322 6569 14900 13519 1747 14833 11737 7784 9581 10792 1158 7983 10289 0 11226 11693 15349 18707 9692 12105 8528 5928 11603 9381 5021 16100 13350 14383 11041 7657 3332 11914 16459 540 4090 10082 12003 10965 13771 8198 7505 11914 12655 12947 15215 4269 10989 16490 7219 15600 3500 14350 13896 8956 16009 4168 3112 12868 6763 3744 14754 3498 6982 8029 1936 4313 7081 16232 2179
7905 8514 3628 6972 8124 5096 5657 8016 8028 8331 5444 4459 4736 5420 4123 6390 5585 8324 6943 10196 5569 5157 14317 16000 2664 11647 5355 4596 11226 0 7220 8773 9763 7590 6940 3742 6052 7768 5789 7311 6053 6507 7722 1461 4431 10835 5338 6436 11450 13331 1959 8123 5594 8358 4019 4585 7392 4725 9093 6617 7408 8407 9917 13772 6282 12158 7774 7320 3457 6383 10701 11048 6307 4953 11133 7177 12156 5720 4474 11298 9527 4690 7121 10644
13627 8134 6900 12694 13986 8573 6422 7812 8430 1536 3761 9054 8811 9511 6082 2478 9718 14124 12665 12625 8364 10959 13955 15800 9400 11107 6158 4351 11693 7220 0 10561 9345 3137 561 7223 7945 1772 3764 7804 6896 2755 13522 6105 7116 10579 11060 6939 11477 12791 8686 1749 11316 14150 7095 8652 418 3527 2299 4812 11387 2468 15670 10033 6149 11718 13496 13042 6191 6925 10339 10635 12007 9066 10881 10697 11716 9811 8398 11019 9182 7891 9431 10153
6604 13900 9088 4456 6827 9162 11049 13452 2583 11672 10884 8561 8825 9525 9559 9702 9707 7023 3418 14318 4785 5418 19719 21031 7211 16174 10734 11303 15349 8773 10561 0 9800 12474 10281 9282 11540 11109 11311 12747 5199 9845 6419 9622 9927 16181 3695 5147 15604 18531 7465 11505 7787 10037 9476 8666 10704 9139 12449 9991 11530 11723 6928 18182 8386 17100 6473 5561 9144 5215 16103 16489 5201 9075 16535 2106 17100 9825 8329 16700 14923 10182 2510 15900
15703 15800 11962 13832 15669 13693 13192 15223 7669 10456 11734 13755 13931 14631 11664 8720 14819 16000 12794 18038 8264 13426 21829 23208 10232 18878 12877 10236 18707 9763 9345 9800 0 11258 9065 12343 13683 9893 10968 14852 6131 8349 15416 8975 12353 18110 13078 5208 18530 20414 10684 10504 14535 16500 12157 13772 9517 8072 11430 5356 15700 10741 16000 17300 4764 18808 15518 14937 10645 6147 18219 18333 14643 14145 18478 9945 18808 14912 13518 18596 16300 13140 8573 17700
12145 5354 5439 11212 12516 7112 5271 5426 10343 3598 2750 7593 7350 8050 4600 4374 8257 12567 11183 10859 10277 9498 12084 13918 8610 9236 5309 4981 9692 7590 3137 12474 11258 0 3535 5762 6680 3035 4065 6036 8743 4876 12061 6846 5670 8578 9578 8773 9606 10920 7868 3472 9837 12665 5634 7191 3383 5440 4380 6725 9866 2731 14167 8655 8062 9847 12017 11560 4709 8759 8468 8688 10546 7584 8880 12435 9845 8350 6937 9148 6366 6378 11299 8269
13504 8293 6711 12571 13723 8469 6152 7934 8150 1959 3924 8865 8622 9407 5959 2091 9575 13923 12513 12370 8084 10756 14497 15800 9120 11505 5888 4081 12105 6940 561 10281 9065 3535 0 7034 7675 2170 3494 7617 6616 2383 13333 5825 6848 10991 10909 6687 11875 13189 8434 2191 11193 13969 6906 8463 475 3247 2741 4532 11170 2880 15516 10437 5869 12116 13373 12919 6064 6659 10737 11033 11903 8943 11293 10417 12114 9622 8209 11417 9341 7734 9151 10551
8414 5859 768 7481 8633 3494 3178 5361 10975 7960 3616 3889 3636 4320 1638 5914 4485 8833 7452 7498 8911 5666 11662 13459 4897 8800 2841 4057 8528 3742 7223 9282 12343 5762 7034 0 3362 7397 3992 4656 9353 7994 8313 3803 1671 8067 5847 9383 8361 10676 4137 7752 6103 8873 1178 3485 7128 6186 8722 8839 5156 7073 10426 11117 8825 9498 8283 7829 1880 9284 8046 8393 6816 3853 8478 8701 9496 4620 3365 8643 6872 1605 10225 7866
10656 3244 2594 9723 10890 4171 1980 2746 12315 8878 4495 5649 4750 4588 2350 6555 5011 11075 9694 4956 11153 7908 9047 10844 7139 6180 2200 4937 5928 6052 7945 11540 13683 6680 7675 3362 0 8315 4624 2041 10693 8625 10579 5296 2344 5462 8089 10723 5741 8061 6379 8670 8176 10939 2728 4659 7769 7575 9610 10179 3967 8008 12668 8483 10232 6893 10525 10071 3220 10709 5431 5778 9064 4200 5863 10943 6891 5244 5197 6028 4257 1962 12427 5261
13802 8243 7074 12858 14160 8747 6906 7987 8978 1009 3935 9228 8985 9685 6257 3078 9885 14299 12777 12799 8912 11133 14023 15000 9948 11115 6769 4962 11603 7768 1772 11109 9893 3035 2170 7397 8315 0 4375 7979 7444 3511 13696 6653 7290 10489 11173 7474 11426 12773 9295 725 11586 14325 7269 8826 2018 4075 1669 5360 11495 2217 15700 9943 6697 11776 13798 13191 6366 7487 10404 10711 12181 9241 10791 11245 11776 9978 8572 11001 9255 8065 9967 10180
10443 5759 3723 9510 10662 5447 3091 5021 9935 4938 1842 5918 5665 6349 2898 2374 6514 10862 9477 9338 9769 7695 11562 13359 6926 8892 2819 1959 9381 5789 3764 11311 10968 4065 3494 3992 4624 4375 0 4556 8313 4469 10302 4503 3787 8080 7873 8343 9262 10576 6166 4730 8132 10902 3875 5514 3588 4096 5762 6298 8134 5048 12455 11017 7585 9503 10312 9858 3007 8329 7946 8293 8845 5882 8378 10730 9501 6649 5272 8543 6772 4673 10869 7889
11891 1694 4096 10958 12246 4821 2469 1285 13530 8542 4136 6299 5400 5190 3686 6497 5611 12388 10929 5005 12322 9219 7254 9053 8325 4549 3482 5472 5021 7311 7804 12747 14852 6036 7617 4656 2041 7979 4556 0 11928 8549 11782 6567 3856 3720 9324 11958 4938 6233 7614 8359 8802 11589 4230 5309 7711 7838 9303 10398 4544 7701 13888 6674 11476 5159 11884 11306 4455 11944 3603 4076 10267 4716 4022 12152 5157 5843 5847 4200 2711 3208 13630 3529
10859 13053 8972 9377 11078 10026 10202 12685 3184 8007 9086 9399 9676 10360 8664 6065 10525 11278 8124 15126 2471 7855 18872 20422 5435 16202 9887 7666 16100 6053 6896 5199 6131 8743 6616 9353 10693 7444 8313 11928 0 6156 10679 5985 9363 15286 7691 1538 16100 17886 6432 7799 9349 12019 9167 9525 7006 5502 8769 6293 12348 7952 11914 15300 4596 16600 10728 10250 7773 686 15201 15535 9240 9893 15588 4533 16600 10660 9220 15853 14076 10153 3050 15095
14213 9457 7686 13191 14438 9390 7092 8841 7758 3817 5168 9840 9597 10297 6891 2097 10515 14632 12817 13340 7663 11410 15598 17200 8700 12846 6820 4364 13350 6507 2755 9845 8349 4876 2383 7994 8625 3511 4469 8549 6156 0 13952 5318 7815 12044 11646 6287 13216 14530 8034 3929 11872 14578 7881 9438 2773 2711 4584 3177 12077 4156 16129 11743 5195 13457 14073 13595 6861 6141 11939 12312 12441 9875 12362 9974 13455 10597 9184 12536 10530 8701 8731 11843
393 12948 8136 2244 674 8159 10097 12487 8738 14259 9915 7609 7873 8573 8576 12213 8742 812 4139 13343 8778 4381 18637 20016 6670 15209 9717 10356 14383 7722 13522 6419 15416 12061 13333 8313 10579 13696 10302 11782 10679 13952 0 8959 8958 15164 3789 11302 14639 17222 6500 14051 6793 7804 8539 7714 13427 12162 15021 14060 10546 13257 4490 17067 13499 15616 415 1680 8179 11075 15096 15116 2332 8110 15216 7292 15616 8866 7377 15216 13971 9187 8701 14990
9117 7656 3575 8180 9423 5306 4913 7272 7607 7216 4651 5737 5544 6244 3379 4951 6451 9536 8155 10061 6687 6373 13573 15282 3876 10903 4490 3135 11041 1461 6105 9622 8975 6846 5825 3803 5296 6653 4503 6567 5985 5318 8959 0 3966 9899 6550 6015 10864 12450 3171 7008 6806 9595 3770 5385 6236 3458 7981 5645 8066 7255 11129 12920 5500 11330 8986 8532 2360 6001 9957 10245 7444 5819 10311 8295 11328 6544 5131 10554 8712 4769 8277 9698
9050 4902 903 8117 9269 4009 2277 4561 10985 7853 3355 4490 4247 4947 1070 5728 5121 9469 8088 6677 9547 6302 10862 12528 5533 7907 2130 3770 7657 4431 7116 9927 12353 5670 6848 1671 2344 7290 3787 3856 9363 7815 8958 3966 0 7145 6483 9393 7480 9696 4773 7645 6739 9567 992 4088 6942 6206 8470 8849 5299 6868 11062 10166 8835 8576 8919 8465 1890 9379 7246 7491 7443 4489 7557 9337 8574 5247 3834 7843 5958 1428 10806 6944
15249 3670 7582 14316 15210 8277 5957 4670 16810 11052 7660 9805 8822 8625 7044 9949 9038 15210 14287 4878 15746 12511 5075 6872 11732 2771 6995 8988 3332 10835 10579 16181 18110 8578 10991 8067 5462 10489 8080 3720 15286 12044 15164 9899 7145 0 12682 15316 3141 4025 10972 10813 12203 15012 7754 8760 10724 11354 11757 13873 7377 9799 17412 4750 14768 2144 15118 14664 7813 15302 1581 994 13661 8227 412 15536 2142 9294 9151 2683 3171 6617 16910 1425
3913 10449 5637 2980 4253 5711 7598 9964 5958 11736 7444 5110 5374 6074 6071 9800 6261 4410 1658 10883 5748 1836 16268 18102 4147 12742 7283 7915 11914 5338 11060 3695 13078 9578 10909 5847 8089 11173 7873 9324 7691 11646 3789 6550 6483 12682 0 8560 12172 15243 3977 11615 4251 6454 6041 5215 10989 9786 12559 11759 8047 10957 5895 15713 10684 14121 3891 3328 5656 8137 12649 13038 2274 5587 12984 3623 14119 6354 4878 13246 11472 6688 5351 12491
11570 13083 9002 9307 11766 10733 10232 12639 3016 8037 9116 10449 10713 11413 8711 6095 11599 12005 8277 15497 3676 9087 18902 20452 6481 16232 9917 7696 16459 6436 6939 5147 5208 8773 6687 9383 10723 7474 8343 11958 1538 6287 11302 6015 9393 15316 8560 0 16272 17916 7518 7898 10632 13200 9197 10554 7094 5532 8842 6384 13386 8116 11893 15700 4779 16799 11404 10392 7803 1554 15231 15672 10094 10967 15718 5366 16797 11706 10217 15883 14106 10183 3948 15125
14791 4669 7922 13857 15103 7780 7155 5620 17230 11989 8842 8737 7803 6492 7972 11183 6854 14700 13776 2059 15088 12076 7531 9390 11047 981 7796 10178 540 11450 11477 15604 18530 9606 11875 8361 5741 11426 9262 4938 16100 13216 14639 10864 7480 3141 12172 16272 0 3941 10392 11812 11240 14027 8011 7761 11723 12544 12756 15065 4532 10798 16745 6995 15600 3305 14660 14190 8769 16027 3912 2958 13124 7040 3547 15009 3305 7238 8285 1753 4133 6913 16331 1988
17509 5983 10116 16206 17475 10841 8489 6967 19306 13336 10156 12239 11305 9994 9515 12517 10356 17706 16827 5561 18346 15066 4247 6960 14293 3512 9502 11459 4090 13331 12791 18531 20414 10920 13189 10676 8061 12773 10576 6233 17886 14530 17222 12450 9696 4025 15243 17916 3941 0 13443 13126 14742 16506 10250 11263 13037 13825 14070 16385 8034 12112 19964 7384 16751 2956 17324 17264 10284 17902 3984 3486 16343 10542 4429 17934 2954 10740 11787 3449 5447 9178 19406 3302
6769 8739 3927 5662 6964 3879 5888 8329 8725 9858 5734 3278 3542 4242 4367 7842 4442 7203 5581 9051 5485 3937 14506 16392 1444 10962 5573 5846 10082 1959 8686 7465 10684 7868 8434 4137 6379 9295 6166 7614 6432 8034 6500 3171 4773 10972 3977 7518 10392 13443 0 9645 4390 7136 4331 3383 8844 6437 10589 8131 6215 9247 8606 13970 7512 12409 6602 5995 4021 6722 10887 11328 4985 3849 11274 6125 12409 4535 3046 11539 9762 4978 7280 10781
14182 8598 7429 13249 14515 9102 7256 8366 9490 296 4290 9583 9340 10040 6637 3433 10253 14601 13220 13154 9324 11438 14290 15725 10360 11442 7124 5317 12003 8123 1749 11505 10504 3472 2191 7752 8670 725 4730 8359 7799 3929 14051 7008 7645 10813 11615 7898 11812 13126 9645 0 11871 14687 7624 9181 2062 4430 1032 5715 11942 2115 16192 10331 7052 12053 14051 13597 6746 7842 10674 10843 12536 9621 11106 11635 12051 10340 8927 11354 9646 8412 10334 10488
6894 9970 5893 5961 7257 4762 7854 9507 9941 12149 7700 3805 3589 5125 6484 10073 5318 7313 5856 9934 7406 2759 15789 17400 4366 11810 7539 8171 10965 5594 11316 7787 14535 9837 11193 6103 8176 11586 8132 8802 9349 11872 6793 6806 6739 12203 4251 10632 11240 14742 4390 11871 0 3126 6297 3648 11287 10072 12815 12015 7166 11213 8899 15201 11466 13644 6763 6309 6069 9794 12173 12559 5278 4711 12505 7192 13642 5425 4171 12588 10993 6944 8714 12012
7875 12792 8721 8075 8374 7590 10682 12294 12225 14888 10528 6594 6368 7953 9167 12849 8124 7658 8003 12704 10051 4965 18021 19400 7162 14597 10353 10985 13771 8358 14150 10037 16500 12665 13969 8873 10939 14325 10902 11589 12019 14578 7804 9595 9567 15012 6454 13200 14027 16506 7136 14687 3126 0 9067 6458 14063 12842 14900 14715 9932 13983 11082 16451 14202 15000 7946 8277 8815 12455 14952 15326 7410 7498 14600 9446 15000 8252 6823 14200 13805 9778 11165 14840
8608 5433 440 7675 8827 3688 2544 4935 10789 7832 3488 4083 3830 4514 1065 5786 4679 9027 7646 7200 9105 5860 11236 13033 5091 8450 2252 3899 8198 4019 7095 9476 12157 5634 6906 1178 2728 7269 3875 4230 9167 7881 8539 3770 992 7754 6041 9197 8011 10250 4331 7624 6297 9067 0 3679 7000 6000 8594 8653 5097 6985 10620 10691 8639 9177 8477 8023 1694 9098 7620 7967 7010 4047 8052 8895 9175 4814 3559 8217 6446 1270 10419 7563
7782 6512 3275 6849 8001 1347 5258 6014 10848 9389 5082 1443 219 1699 3724 7343 1744 8201 6820 6475 8182 5034 12315 14112 4143 8331 4952 5560 7505 4585 8652 8666 13772 7191 8463 3485 4659 8826 5514 5309 9525 9438 7714 5385 4088 8760 5215 10554 7761 11263 3383 9181 3648 6458 3679 0 8557 7664 10160 10268 3687 8595 9794 11770 10254 10191 7651 7197 3309 9801 8699 9046 6184 1232 9125 8069 10189 1892 858 9109 7525 4298 9589 8559
13598 8213 6805 12665 13817 8563 6246 7891 8602 1876 3865 8959 8716 9501 6053 2302 9669 14017 12593 12464 8523 10850 14201 15800 9559 11353 5982 4175 11914 7392 418 10704 9517 3383 475 7128 7769 2018 3588 7711 7006 2773 13427 6236 6942 10724 10989 7094 11723 13037 8844 2062 11287 14063 7000 8557 0 3637 2605 4984 11250 2666 15610 10285 6321 11964 13467 13007 6158 7029 10585 10754 11997 9037 11017 10834 11962 9716 8303 11265 9261 7828 9591 10396
12383 9041 5854 11450 12602 7585 6077 8303 7124 4638 5129 8066 7823 8523 5470 2608 8723 12802 11390 12291 6958 9635 14844 16570 7142 12174 5805 2943 12655 4725 3527 9139 8072 5440 3247 6186 7575 4075 4096 7838 5502 2711 12162 3458 6206 11354 9786 5532 12544 13825 6437 4430 10072 12842 6000 7664 3637 0 5400 3402 10333 4716 14395 12342 4689 12743 12252 11798 4597 5433 11228 11575 10785 8110 11656 9269 12741 8816 7410 11825 10054 7035 8031 11163
15126 9555 8406 14193 15100 10081 8200 9311 10434 1108 5260 10553 10310 11019 7581 4423 11197 15100 14164 14124 10268 12378 15234 16600 11304 12386 8156 6276 12947 9093 2299 12449 11430 4380 2741 8722 9610 1669 5762 9303 8769 4584 15021 7981 8470 11757 12559 8842 12756 14070 10589 1032 12815 14900 8594 10160 2605 5400 0 6747 12886 2858 17136 11318 8084 12997 14995 14541 7690 8798 11618 11787 13515 10565 12050 12579 12995 11319 9906 12298 10603 9356 11303 11398
14326 11349 8458 13300 14543 10189 8692 10690 7976 5923 7071 10670 10427 11127 8123 4050 11338 14745 12925 14944 7810 11524 17427 19000 8846 14695 8491 5566 15215 6617 4812 9991 5356 6725 4532 8839 10179 5360 6298 10398 6293 3177 14060 5645 8849 13873 11759 6384 15065 16385 8131 5715 12015 14715 8653 10268 4984 3402 6747 0 12948 6071 16200 13627 2834 14604 14181 13741 7212 6336 13788 14096 12564 10725 14216 10121 14602 11427 10014 14385 12371 9650 8828 13672
10614 5761 5275 9681 10985 3640 5465 5249 13684 12058 7771 4663 3729 2418 5609 10061 2780 11111 9652 3238 11014 8002 11528 13384 6973 5102 5733 8242 4269 7408 11387 11530 15700 9866 11170 5156 3967 11495 8134 4544 12348 12077 10546 8066 5299 7377 8047 13386 4532 8034 6215 11942 7166 9932 5097 3687 11250 10333 12886 12948 0 11284 12671 10992 13103 7510 10667 10029 5978 12638 7934 7194 9050 2896 7783 10935 7508 3164 4211 5880 6784 4044 12413 6224
13524 7594 6804 12591 13743 8604 6598 7465 9708 2245 4072 8999 8746 9430 5979 3666 9595 13943 12562 12386 9542 10776 13276 15073 10007 10428 6616 5550 10989 8407 2468 11723 10741 2731 2880 7073 8008 2217 5048 7701 7952 4156 13257 7255 6868 9799 10957 8116 10798 12112 9247 2115 11213 13983 6985 8595 2666 4716 2858 6071 11284 0 15678 9360 7358 11039 13378 12939 6088 8017 9660 9829 11926 8963 10092 11853 11037 9730 8448 10340 8642 7754 10615 9440
4740 15028 10216 4417 4579 10290 12234 14593 9329 16370 12023 9689 9953 10653 10700 14396 10848 5159 5816 15459 10884 6491 20950 22726 8776 17315 11862 12494 16490 9917 15670 6928 16000 14167 15516 10426 12668 15700 12455 13888 11914 16129 4490 11129 11062 17412 5895 11893 16745 19964 8606 16192 8899 11082 10620 9794 15610 14395 17136 16200 12671 15678 0 19777 15101 18410 4592 4225 10285 11930 17334 17743 4489 10216 17766 8649 18410 10953 9457 17926 16084 11323 9225 17110
17354 6367 10557 16051 17320 11282 8930 6764 16400 10506 9914 12760 11820 11646 10042 11301 12063 17551 16478 8710 16140 15532 7667 9497 14730 6625 9943 11933 7219 13772 10033 18182 17300 8655 10437 11117 8483 9943 11017 6674 15300 11743 17067 12920 10166 4750 15713 15700 6995 7384 13970 10331 15201 16451 10691 11770 10285 12342 11318 13627 10992 9360 19777 0 14956 6354 17169 17351 10811 15000 3507 5567 16051 11123 4422 17585 6352 12292 12172 6537 6066 9615 16500 5629
13777 12592 8444 12564 13963 10242 9741 12027 6358 7260 8358 10422 10413 11180 8270 5337 11379 14196 11228 14930 6205 10773 18166 19545 7241 15300 9359 6853 15600 6282 6149 8386 4764 8062 5869 8825 10232 6697 7585 11476 4596 5195 13499 5500 8835 14768 10684 4779 15600 16751 7512 7052 11466 14202 8639 10254 6321 4689 8084 2834 13103 7358 15101 14956 0 15145 13601 13192 7269 4639 14795 15114 11984 10782 15180 8516 15145 11413 10000 15392 13581 9721 7131 14567
15903 4910 8936 14600 15869 9708 7398 5910 17700 12339 9066 11196 10248 9455 8481 11380 9832 16100 15600 5037 16840 13942 5006 6850 13173 2935 8252 10419 3500 12158 11718 17100 18808 9847 12116 9498 6893 11776 9503 5159 16600 13457 15616 11330 8576 2144 14121 16799 3305 2956 12409 12053 13644 15000 9177 10191 11964 12743 12997 14604 7510 11039 18410 6354 15145 0 15718 15997 9250 16300 2936 1720 15092 9609 2548 16900 2 10216 10582 2781 4374 8058 17700 2132
483 12885 8073 2346 764 8147 10034 12589 8729 14347 9880 7546 7810 8510 8696 12253 8717 902 4241 13319 8785 4348 18704 20118 6707 15230 9719 10351 14350 7774 13496 6473 15518 12017 13373 8283 10525 13798 10312 11884 10728 14073 415 8986 8919 15118 3891 11404 14660 17324 6602 14051 6763 7946 8477 7651 13467 12252 14995 14181 10667 13378 4592 17169 13601 15718 0 1782 8249 11177 15088 15218 2346 8212 15318 7331 15718 8810 7314 15318 13908 9124 8705 14927
1859 12431 7619 1397 1987 7693 9580 11982 7817 13754 9426 7092 7356 8056 8089 11799 8263 2356 3098 12865 8307 3894 18250 20084 6165 14760 9265 9897 13896 7320 13042 5561 14937 11560 12919 7829 10071 13191 9858 11306 10250 13595 1680 8532 8465 14664 3328 10392 14190 17264 5995 13597 6309 8277 8023 7197 13007 11798 14541 13741 10029 12939 4225 17351 13192 15997 1782 0 7674 10498 14634 15020 1768 7663 14966 6639 15997 8356 6860 15231 13454 8670 7793 14473
8380 5580 1499 7341 8599 3230 2729 5136 9323 6929 2575 3711 3468 4168 1208 4878 4368 8799 7260 7985 8719 5616 11347 13206 4722 8626 2414 2669 8956 3457 6191 9144 10645 4709 6064 1880 3220 6366 3007 4455 7773 6861 8179 2360 1890 7813 5656 7803 8769 10284 4021 6746 6069 8815 1694 3309 6158 4597 7690 7212 5978 6088 10285 10811 7269 9250 8249 7674 0 7789 7728 8169 6664 3775 8115 8549 9250 4461 3055 8298 6603 2680 10027 7622
11309 13069 8988 9393 11528 10326 10218 12701 3189 8050 9102 9675 9952 10650 8697 6081 10815 11728 8112 15380 2921 8305 18888 20438 5725 16200 9903 7682 16009 6383 6925 5215 6147 8759 6659 9284 10709 7487 8329 11944 686 6141 11075 6001 9379 15302 8137 1554 16027 17902 6722 7842 9794 12455 9098 9801 7029 5433 8798 6336 12638 8017 11930 15000 4639 16300 11177 10498 7789 0 15217 15600 9690 10183 15604 4521 16300 10950 9510 15869 14092 10169 3024 15111
15164 3531 7486 14286 15535 8211 5859 4531 16878 10967 7526 9689 8790 8580 7014 9887 9001 15638 14253 5639 15695 12609 4280 6071 11702 3542 6872 8862 4168 10701 10339 16103 18219 8468 10737 8046 5431 10404 7946 3603 15201 11939 15096 9957 7246 1581 12649 15231 3912 3984 10887 10674 12173 14952 7620 8699 10585 11228 11618 13788 7934 9660 17334 3507 14795 2936 15088 14634 7728 15217 0 2575 13657 8052 1253 15506 2934 9209 9237 3454 2995 6587 17076 2558
15403 3700 7833 14672 15369 8558 6206 4700 17033 11139 7873 10036 9137 8927 7400 10234 9350 15433 14643 4583 16102 12857 5835 7500 12088 2588 7194 9209 3112 11048 10635 16489 18333 8688 11033 8393 5778 10711 8293 4076 15535 12312 15116 10245 7491 994 13038 15672 2958 3486 11328 10843 12559 15326 7967 9046 10754 11575 11787 14096 7194 9829 17743 5567 15114 1720 15218 15020 8169 15600 2575 0 14004 8453 1406 15892 1718 9631 9507 2500 3201 6973 17133 970
2477 11470 6606 1123 2796 6738 8613 10972 7523 12744 8413 6079 6343 7062 7079 10783 7227 2896 1969 11838 7263 2866 17329 18900 5155 13694 8252 8884 12868 6307 12007 5201 14643 10546 11903 6816 9064 12181 8845 10267 9240 12441 2332 7444 7443 13661 2274 10094 13124 16343 4985 12536 5278 7410 7010 6184 11997 10785 13515 12564 9050 11926 4489 16051 11984 15092 2346 1768 6664 9690 13657 14004 0 6595 14073 5520 15090 7343 5847 14254 12474 7702 7223 13460
8248 5994 3643 7272 8574 1086 5593 5367 11229 9804 5450 2208 1251 923 4190 7823 1192 8745 7191 5732 8559 5547 11722 13502 4518 7610 5289 5921 6763 4953 9066 9075 14145 7584 8943 3853 4200 9241 5882 4716 9893 9875 8110 5819 4489 8227 5587 10967 7040 10542 3849 9621 4711 7498 4047 1232 9037 8110 10565 10725 2896 8963 10216 11123 10782 9609 8212 7663 3775 10183 8052 8453 6595 0 8529 8480 9607 1418 1756 8388 6932 3705 9958 8036
15503 3963 7884 14618 15469 8643 6291 4963 17222 11354 7958 10121 9222 9012 7346 10319 9433 15622 14589 5279 16082 12923 4747 6581 12134 3177 7297 9290 3744 11133 10881 16535 18478 8880 11293 8478 5863 10791 8378 4022 15588 12362 15216 10311 7557 412 12984 15718 3547 4429 11274 11106 12505 14600 8052 9125 11017 11656 12050 14216 7783 10092 17766 4422 15180 2548 15318 14966 8115 15604 1253 1406 14073 8529 0 15938 2546 9596 9563 3089 3427 6919 17322 1837
7462 13303 8491 5781 7756 8565 10452 12857 3146 11808 10298 7964 8228 8928 8964 9832 9122 7881 3598 13723 3449 4828 19122 20434 5448 15579 10137 10769 14754 7177 10697 2106 9945 12435 10417 8701 10943 11245 10730 12152 4533 9974 7292 8295 9337 15536 3623 5366 15009 17934 6125 11635 7192 9446 8895 8069 10834 9269 12579 10121 10935 11853 8649 17585 8516 16900 7331 6639 8549 4521 15506 15892 5520 8480 15938 0 16900 9228 7732 16103 14326 9587 1735 15345
15903 4908 8934 14600 15869 9706 7396 5908 17700 12339 9064 11194 10246 9453 8481 11378 9830 16100 15600 5035 16840 13940 5004 6848 13171 2935 8250 10417 3498 12156 11716 17100 18808 9845 12114 9496 6891 11776 9501 5157 16600 13455 15616 11328 8574 2142 14119 16797 3305 2954 12409 12051 13642 15000 9175 10189 11962 12741 12995 14602 7508 11037 18410 6352 15145 2 15718 15997 9250 16300 2934 1718 15090 9607 2546 16900 0 10214 10580 2781 4372 8056 17700 2130
8934 7061 4410 8008 9160 1853 6371 6548 11996 10541 6217 2975 1926 1236 4850 8502 1042 9360 7958 5952 9326 6193 12828 14683 5285 7808 6056 6688 6982 5720 9811 9825 14912 8350 9622 4620 5244 9978 6649 5843 10660 10597 8866 6544 5247 9294 6354 11706 7238 10740 4535 10340 5425 8252 4814 1892 9716 8816 11319 11427 3164 9730 10953 12292 11413 10216 8810 8356 4461 10950 9209 9631 7343 1418 9596 9228 10214 0 2363 8586 8084 4832 10725 8938
7445 7050 3155 6512 7664 1859 5004 6552 10511 9135 4927 1195 1072 2223 3470 7089 2388 7864 6483 6872 7845 4697 12853 14650 3806 8855 4713 5350 8029 4474 8398 8329 13518 6937 8209 3365 5197 8572 5272 5847 9220 9184 7377 5131 3834 9151 4878 10217 8285 11787 3046 8927 4171 6823 3559 858 8303 7410 9906 10014 4211 8448 9457 12172 10000 10582 7314 6860 3055 9510 9237 9507 5847 1756 9563 7732 10580 2363 0 9633 7964 4093 9467 8950
15503 4211 8083 14883 15469 8808 6456 5211 17296 11638 8123 10085 9151 7840 7611 10484 8202 15700 14850 3407 16265 13206 7073 8932 12299 1381 7469 9459 1936 11298 11019 16700 18596 9148 11417 8643 6028 11001 8543 4200 15853 12536 15216 10554 7843 2683 13246 15883 1753 3449 11539 11354 12588 14200 8217 9109 11265 11825 12298 14385 5880 10340 17926 6537 15392 2781 15318 15231 8298 15869 3454 2500 14254 8388 3089 16103 2781 8586 9633 0 3675 7184 17331 1530
14039 1159 6312 13106 14291 7037 4748 2126 15500 9818 5543 8515 7612 7406 5834 8473 7828 14458 13077 5784 14536 11324 6611 8434 10522 3763 5698 7688 4313 9527 9182 14923 16300 6366 9341 6872 4257 9255 6772 2711 14076 10530 13971 8712 5958 3171 11472 14106 4133 5447 9762 9646 10993 13805 6446 7525 9261 10054 10603 12371 6784 8642 16084 6066 13581 4374 13908 13454 6603 14092 2995 3201 12474 6932 3427 14326 4372 8084 7964 3675 0 5407 15600 2809
9255 4384 1451 8322 9626 3533 2667 3913 11818 8628 4241 4749 4389 4331 1826 6614 4600 9674 8293 6050 9757 6654 10203 12010 5760 7352 2838 4656 7081 4690 7891 10182 13140 6378 7734 1605 1962 8065 4673 3208 10153 8701 9187 4769 1428 6617 6688 10183 6913 9178 4978 8412 6944 9778 1270 4298 7828 7035 9356 9650 4044 7754 11323 9615 9721 8058 9124 8670 2680 10169 6587 6973 7702 3705 6919 9587 8056 4832 4093 7184 5407 0 11065 6426
8836 14833 10002 6688 9055 10101 11976 14335 2106 10530 11624 9463 9745 10425 10442 8621 10590 9255 5326 15201 2607 6547 20692 21973 6270 17057 11685 10222 16232 7121 9431 2510 8573 11299 9151 10225 12427 9967 10869 13630 3050 8731 8701 8277 10806 16910 5351 3948 16331 19406 7280 10334 8714 11165 10419 9589 9591 8031 11303 8828 12413 10615 9225 16500 7131 17700 8705 7793 10027 3024 17076 17133 7223 9958 17322 1735 17700 10725 9467 17331 15600 11065 0 16500
15058 3345 7391 14125 14949 8076 5766 4345 16400 10743 7469 9614 8631 8134 6853 9748 8524 14800 14096 3705 15589 12310 6207 8024 11541 1618 6804 8797 2179 10644 10153 15900 17700 8269 10551 7866 5261 10180 7889 3529 15095 11843 14990 9698 6944 1425 12491 15125 1988 3302 10781 10488 12012 14840 7563 8559 10396 11163 11398 13672 6224 9440 17110 5629 14567 2132 14927 14473 7622 15111 2558 970 13460 8036 1837 15345 2130 8938 8950 1530 2809 6426 16500 0